0 0
2 0.00012028821
4 0.00023691673
6 0.00034664949
8 0.00044694141
10 0.00053609679
12 0.00061331805
14 0.0006786456
16 0.0007328181
18 0.00077709255
20 0.00081305847
22 0.0008424684
24 0.00086709534
26 0.00088861928
28 0.00090853962
30 0.00092811003
32 0.00094829342
34 0.00096973719
36 0.00099277031
38 0.0010174233
40 0.0010434701
42 0.0010704879
44 0.0010979289
46 0.0011251949
48 0.0011517066
50 0.0011769608
52 0.0012005705
54 0.0012222858
56 0.0012419976
58 0.0012597246
60 0.0012755908
62 0.0012897944
64 0.0013025751
66 0.0013141828
68 0.0013248502
70 0.0013347726
72 0.0013440964
74 0.0013529147
76.00001 0.0013612726
78 0.0013691772
80.00001 0.0013766132
82 0.0013835586
84.00001 0.0013900014
86 0.0013959512
88.00001 0.0014014483
90 0.0014065655
92.00001 0.0014114064
94 0.0014160969
96 0.0014207753
98 0.0014255786
100 0.0014306296
102 0.0014360251
104 0.0014418272
106 0.0014480581
108 0.0014547003
110 0.0014617003
112 0.0014689763
114 0.0014764288
116 0.0014839518
118 0.0014914446
120 0.0014988214
122 0.0015060182
124 0.0015129968
126 0.0015197451
128 0.0015262743
130 0.0015326136
132 0.0015388023
134 0.0015448824
136 0.0015508903
138 0.0015568506
140 0.0015627716
142 0.001568643
144 0.0015744366
146 0.0015801094
148 0.0015856085
150 0.001590877
152 0.0015958608
154 0.0016005145
156 0.0016048064
158 0.0016087213
160 0.0016122622
162 0.0016154492
164 0.0016183172
166 0.0016209118
168 0.0016232847
170 0.0016254886
172 0.0016275727
174 0.0016295784
176 0.001631537
178 0.0016334683
180 0.0016353813
182 0.0016372749
184 0.0016391416
186 0.00164097
188 0.0016427487
190 0.0016444694
192 0.0016461293
194 0.0016477326
196 0.0016492914
198 0.0016508245
200 0.0016523562
202 0.001653914
204 0.0016555258
206 0.0016572171
208 0.0016590088
210 0.0016609153
212 0.0016629434
214 0.0016650925
216 0.001667355
218 0.0016697183
220 0.0016721661
222 0.0016746811
224 0.0016772472
226 0.001679851
228 0.0016824834
230 0.0016851402
232 0.001687822
234 0.0016905339
236 0.0016932837
238 0.0016960809
240 0.0016989346
242 0.0017018522
244 0.0017048381
246 0.0017078924
248 0.0017110112
250 0.001714186
252 0.0017174052
254 0.0017206545
256 0.0017239187
258 0.0017271828
260 0.0017304338
262 0.0017336616
264 0.0017368596
266 0.0017400253
268 0.0017431601
270 0.0017462686
272 0.0017493577
274 0.0017524358
276 0.0017555114
278 0.0017585918
280 0.0017616829
282 0.001764788
284 0.0017679079
286 0.0017710411
288 0.0017741843
290 0.001777333
292 0.0017804823
294 0.0017836281
296 0.0017867675
298 0.0017898996
300 0.0017930256
302 0.0017961492
304 0.001799276
306 0.0018024132
308 0.0018055686
310 0.0018087506
312 0.0018119664
314 0.0018152225
316 0.0018185232
318 0.0018218711
320 0.0018252667
322 0.0018287087
324 0.0018321943
326 0.0018357201
328 0.001839282
330 0.0018428764
332 0.0018465002
334 0.0018501515
336 0.0018538294
338 0.001857534
340 0.0018612667
342 0.0018650291
344 0.0018688232
346 0.0018726506
348 0.0018765126
350 0.0018804091
352 0.0018843392
354 0.0018883008
356 0.0018922907
358 0.0018963048
360 0.0019003387
362 0.0019043877
364 0.0019084473
366 0.0019125137
368 0.0019165836
370 0.0019206549
372 0.0019247265
374 0.0019287981
376 0.0019328701
378 0.0019369435
380 0.0019410196
382 0.0019450995
384 0.001949184
386 0.0019532735
388 0.0019573676
390 0.0019614654
392 0.0019655655
394 0.001969666
396 0.0019737649
398 0.0019778604
400 0.0019819506
402 0.0019860343
404 0.0019901109
406 0.00199418
408 0.0019982421
410 0.002002298
412 0.0020063487
414 0.0020103954
416 0.0020144392
418 0.0020184809
420 0.002022521
422 0.0020265596
424 0.0020305964
426 0.0020346306
428 0.0020386616
430 0.0020426885
432 0.0020467105
434 0.0020507273
436 0.0020547384
438 0.0020587443
440 0.0020627452
442 0.0020667418
444 0.0020707348
446 0.0020747251
448 0.0020787131
450 0.0020826991
452 0.0020866831
454 0.0020906649
456 0.0020946437
458 0.0020986186
460 0.0021025886
462 0.0021065526
464 0.0021105094
466 0.0021144579
468 0.0021183973
470 0.002122327
472 0.0021262467
474 0.0021301564
476 0.0021340564
478 0.0021379471
480 0.0021418293
482 0.0021457036
484 0.0021495704
486 0.0021534302
488 0.0021572828
490 0.0021611279
492 0.0021649646
494 0.0021687915
496 0.0021726069
498 0.0021764087
500 0.0021801949
502 0.0021839634
504 0.0021877124
506 0.0021914405
508 0.0021951469
510.0001 0.0021988316
512 0.0022024943
514 0.0022061363
516 0.0022097587
518 0.0022133625
520 0.002216949
522 0.002220519
524 0.0022240733
526 0.0022276121
528 0.0022311353
530 0.0022346426
532 0.0022381336
534 0.0022416075
536 0.002245064
538 0.0022485027
540 0.0022519235
542.0001 0.0022553268
544 0.0022587125
546 0.0022620819
548 0.0022654358
550 0.002268775
552 0.0022721006
554 0.0022754134
556.0001 0.0022787144
558 0.0022820036
560 0.0022852818
562 0.0022885491
564 0.0022918054
566 0.0022950503
568 0.0022982833
570.0001 0.0023015039
572 0.0023047107
574 0.0023079032
576 0.0023110805
578 0.0023142416
580 0.002317386
582 0.0023205131
584.0001 0.0023236228
586 0.0023267145
588 0.0023297887
590 0.0023328457
592 0.0023358858
594 0.0023389095
596 0.0023419174
598 0.0023449101
600 0.0023478884
602.0001 0.002350853
604 0.0023538041
606 0.0023567427
608 0.0023596693
610 0.0023625843
612 0.0023654881
614 0.0023683811
616.0001 0.0023712633
618 0.0023741344
620 0.0023769947
622 0.0023798436
624 0.0023826809
626 0.0023855062
628 0.0023883188
630.0001 0.0023911185
632 0.0023939044
634 0.0023966765
636 0.0023994343
638 0.0024021776
640 0.0024049064
642 0.0024076209
644.0001 0.0024103215
646 0.0024130084
648 0.0024156829
650 0.0024183455
652 0.0024209973
654 0.0024236391
656 0.0024262716
658.0001 0.0024288953
660 0.0024315103
662.0001 0.0024341168
664 0.0024367145
666 0.0024393032
668 0.0024418829
670 0.0024444534
672.0001 0.0024470148
674 0.0024495672
676.0001 0.0024521113
678 0.0024546472
680 0.0024571757
682 0.0024596973
684 0.0024622123
686 0.0024647212
688 0.0024672242
690.0001 0.0024697216
692 0.0024722129
694 0.0024746985
696 0.002477178
698 0.0024796512
700 0.0024821177
702 0.0024845771
704.0001 0.0024870292
706 0.0024894735
708 0.0024919101
710 0.0024943391
712 0.0024967607
714 0.0024991753
716 0.0025015833
718.0001 0.0025039855
720 0.0025063821
722.0001 0.0025087739
724 0.0025111607
726 0.002513543
728 0.0025159206
730 0.0025182929
732.0001 0.0025206596
734 0.0025230192
736.0001 0.0025253714
738 0.0025277145
740 0.0025300479
742 0.0025323708
744 0.0025346825
746.0001 0.002536983
748 0.002539272
750.0001 0.0025415504
752 0.0025438186
754 0.0025460778
756 0.0025483289
758 0.0025505731
760.0001 0.0025528116
762 0.0025550448
764.0001 0.0025572739
766 0.0025594988
768 0.0025617201
770 0.0025639377
772 0.0025661513
774 0.0025683606
776 0.0025705651
778.0001 0.0025727645
780 0.0025749581
782.0001 0.0025771458
784 0.0025793271
786 0.002581502
788 0.0025836704
790 0.0025858323
792.0001 0.002587988
794 0.0025901373
796.0001 0.002592281
798 0.0025944188
800 0.0025965512
802 0.0025986784
804 0.0026008004
806.0001 0.0026029174
808 0.0026050289
810.0001 0.0026071353
812 0.0026092359
814 0.0026113309
816 0.0026134201
818 0.0026155035
820.0001 0.0026175811
822 0.0026196529
824.0001 0.0026217194
826 0.0026237807
828.0001 0.0026258377
830 0.0026278903
832 0.0026299395
834.0001 0.0026319858
836 0.0026340293
838.0001 0.0026360709
840 0.0026381103
842.0001 0.0026401479
844 0.0026421832
846 0.0026442163
848 0.0026462465
850 0.0026482733
852.0001 0.0026502964
854 0.0026523147
856.0001 0.0026543281
858 0.0026563357
860 0.0026583372
862 0.0026603323
864 0.0026623206
866.0001 0.002664302
868 0.0026662764
870.0001 0.0026682442
872 0.0026702055
874 0.0026721609
876 0.0026741109
878 0.0026760561
880.0001 0.0026779969
882 0.0026799336
884.0001 0.0026818671
886 0.0026837973
888.0001 0.0026857249
890 0.00268765
892 0.0026895731
894.0001 0.0026914948
896 0.0026934152
898.0001 0.0026953349
900 0.0026972541
902.0001 0.0026991733
904 0.0027010921
906 0.0027030107
908.0001 0.0027049288
910 0.0027068454
912.0001 0.00270876
914 0.0027106713
916.0001 0.0027125786
918 0.0027144803
920 0.0027163756
922.0001 0.0027182637
924 0.0027201434
926.0001 0.0027220149
928 0.0027238777
930.0001 0.0027257323
932 0.0027275791
934 0.0027294191
936 0.0027312533
938 0.0027330827
940.0001 0.0027349086
942 0.0027367317
944.0001 0.0027385535
946 0.0027403741
948.0001 0.0027421944
950 0.0027440144
952 0.002745834
954.0001 0.002747653
956 0.0027494705
958.0001 0.0027512861
960 0.0027530986
962.0001 0.0027549073
964 0.002756711
966 0.002758509
968.0001 0.0027603006
970 0.0027620848
972.0001 0.0027638614
974 0.0027656299
976.0001 0.0027673904
978 0.0027691424
980 0.0027708866
982.0001 0.0027726231
984 0.002774352
986.0001 0.002776074
988 0.0027777893
990.0001 0.0027794985
992 0.0027812014
994 0.0027828988
996.0001 0.0027845907
998 0.0027862771
1000 0.0027879585
1002 0.0027896351
1004 0.0027913072
1006 0.0027929754
1008 0.0027946399
1010 0.0027963014
1012 0.0027979604
1014 0.0027996172
1016 0.0028012724
1018 0.002802926
1020 0.0028045782
1022 0.0028062287
1024 0.0028078772
1026 0.0028095232
1028 0.0028111658
1030 0.0028128043
1032 0.0028144377
1034 0.0028160652
1036 0.002817686
1038 0.0028192994
1040 0.0028209049
1042 0.0028225024
1044 0.0028240917
1046 0.0028256732
1048 0.0028272472
1050 0.0028288146
1052 0.0028303761
1054 0.0028319325
1056 0.0028334849
1058 0.002835034
1060 0.0028365807
1062 0.0028381255
1064 0.0028396689
1066 0.0028412109
1068 0.0028427516
1070 0.0028442906
1072 0.0028458272
1074 0.0028473609
1076 0.0028488908
1078 0.002850416
1080 0.0028519358
1082 0.0028534493
1084 0.002854956
1086 0.0028564555
1088 0.0028579478
1090 0.002859433
1092 0.0028609113
1094 0.0028623834
1096 0.0028638498
1098 0.0028653113
1100 0.0028667685
1102 0.002868222
1104 0.0028696724
1106 0.0028711201
1108 0.0028725653
1110 0.0028740082
1112 0.002875449
1114 0.0028768876
1116 0.0028783237
1118 0.002879757
1120 0.0028811868
1122 0.0028826125
1124 0.0028840334
1126 0.0028854489
1128 0.0028868582
1130 0.0028882611
1132 0.0028896573
1134 0.0028910471
1136 0.0028924308
1138 0.0028938091
1140 0.0028951828
1142 0.002896553
1144 0.0028979204
1146 0.0028992862
1148 0.002900651
1150 0.0029020155
1152 0.0029033801
1154 0.0029047449
1156 0.00290611
1158 0.0029074751
1160 0.0029088398
1162 0.0029102037
1164 0.002911566
1166 0.0029129263
1168 0.0029142838
1170 0.0029156381
1172 0.0029169887
1174 0.0029183351
1176 0.0029196772
1178 0.0029210147
1180 0.0029223473
1182 0.002923675
1184 0.0029249977
1186 0.0029263155
1188 0.0029276283
1190 0.0029289366
1192 0.0029302407
1194 0.0029315411
1196 0.0029328381
1198 0.0029341321
1200 0.0029354235
1202 0.0029367123
1204 0.0029379984
1206 0.0029392816
1208 0.0029405615
1210 0.0029418377
1212 0.0029431099
1214 0.0029443777
1216 0.0029456409
1218 0.0029468995
1220 0.0029481539
1222 0.0029494044
1224 0.0029506517
1226 0.0029518967
1228 0.0029531401
1230 0.0029543829
1232 0.0029556261
1234 0.0029568703
1236 0.0029581164
1238 0.0029593649
1240 0.0029606162
1242 0.0029618704
1244 0.0029631277
1246 0.0029643876
1248 0.0029656499
1250 0.0029669139
1252 0.0029681788
1254 0.002969444
1256 0.0029707085
1258 0.0029719717
1260 0.0029732329
1262 0.0029744915
1264 0.0029757471
1266 0.0029769992
1268 0.0029782476
1270 0.0029794919
1272 0.0029807319
1274 0.0029819674
1276 0.0029831982
1278 0.0029844243
1280 0.0029856457
1282 0.0029868627
1284 0.0029880755
1286 0.0029892847
1288 0.0029904908
1290 0.0029916943
1292 0.0029928959
1294 0.002994096
1296 0.002995295
1298 0.0029964929
1300 0.0029976897
1302 0.0029988851
1304 0.0030000788
1306 0.0030012702
1308 0.0030024588
1310 0.003003644
1312 0.0030048253
1314 0.0030060024
1316 0.003007175
1318 0.0030083431
1320 0.0030095067
1322 0.0030106661
1324 0.0030118217
1326 0.0030129737
1328 0.0030141226
1330 0.0030152686
1332 0.0030164122
1334 0.0030175536
1336 0.003018693
1338 0.0030198308
1340 0.0030209671
1342 0.0030221021
1344 0.0030232358
1346 0.0030243682
1348 0.0030254993
1350 0.0030266289
1352 0.0030277568
1354 0.0030288829
1356 0.0030300069
1358 0.0030311287
1360 0.0030322482
1362 0.0030333652
1364 0.0030344794
1366 0.0030355907
1368 0.0030366988
1370 0.0030378031
1372 0.0030389032
1374 0.0030399986
1376 0.0030410889
1378 0.0030421736
1380 0.0030432523
1382 0.0030443249
1384 0.0030453915
1386 0.0030464523
1388 0.0030475077
1390 0.0030485582
1392 0.0030496046
1394 0.0030506473
1396 0.0030516873
1398 0.003052725
1400 0.0030537613
1402 0.0030547967
1404 0.0030558318
1406 0.0030568669
1408 0.0030579026
1410 0.0030589388
1412 0.0030599755
1414 0.0030610124
1416 0.0030620491
1418 0.0030630848
1420 0.0030641191
1422 0.003065151
1424 0.0030661803
1426 0.0030672065
1428 0.0030682293
1430 0.0030692488
1432 0.003070265
1434 0.0030712778
1436 0.0030722874
1438 0.0030732936
1440 0.0030742962
1442 0.0030752953
1444 0.0030762905
1446 0.0030772818
1448 0.0030782691
1450 0.0030792528
1452 0.003080233
1454 0.0030812103
1456 0.0030821851
1458 0.0030831581
1460 0.0030841298
1462 0.0030851006
1464 0.0030860709
1466 0.003087041
1468 0.0030880111
1470 0.003088981
1472 0.0030899506
1474 0.0030909197
1476 0.0030918878
1478 0.0030928545
1480 0.0030938192
1482 0.0030947814
1484 0.0030957404
1486 0.003096696
1488 0.0030976477
1490 0.0030985954
1492 0.0030995391
1494 0.0031004789
1496 0.0031014149
1498 0.0031023477
1500 0.0031032776
1502 0.003104205
1504 0.0031051306
1506 0.0031060546
1508 0.0031069775
1510 0.0031078995
1512 0.0031088207
1514 0.003109741
1516 0.0031106602
1518 0.0031115781
1520 0.0031124944
1522 0.0031134088
1524 0.0031143212
1526 0.0031152312
1528 0.0031161388
1530 0.0031170436
1532 0.0031179456
1534 0.0031188444
1536 0.0031197399
1538 0.0031206318
1540 0.00312152
1542 0.0031224042
1544 0.0031232845
1546 0.0031241609
1548 0.0031250338
1550 0.0031259035
1552 0.0031267706
1554 0.0031276361
1556 0.0031285007
1558 0.0031293655
1560 0.0031302315
1562 0.0031310994
1564 0.0031319699
1566 0.0031328434
1568 0.0031337202
1570 0.0031346001
1572 0.0031354828
1574 0.0031363674
1576 0.0031372531
1578 0.0031381387
1580 0.003139023
1582 0.0031399049
1584 0.0031407833
1586 0.0031416575
1588 0.0031425269
1590 0.0031433915
1592 0.0031442513
1594 0.0031451067
1596 0.0031459583
1598 0.0031468066
1600 0.0031476523
1602 0.0031484956
1604 0.003149337
1606 0.0031501764
1608 0.0031510137
1610 0.0031518489
1612 0.0031526817
1614 0.003153512
1616 0.0031543395
1618 0.0031551644
1620 0.0031559868
1622 0.003156807
1624 0.0031576254
1626 0.0031584424
1628 0.0031592586
1630 0.0031600742
1632 0.0031608896
1634 0.0031617049
1636 0.0031625201
1638 0.0031633354
1640 0.0031641504
1642 0.0031649651
1644 0.0031657792
1646 0.0031665924
1648 0.0031674045
1650 0.0031682149
1652 0.0031690235
1654 0.0031698299
1656 0.0031706339
1658 0.0031714354
1660 0.0031722346
1662 0.0031730316
1664 0.003173827
1666 0.0031746214
1668 0.0031754154
1670 0.0031762098
1672 0.0031770053
1674 0.0031778023
1676 0.0031786013
1678 0.0031794023
1680 0.0031802053
1682 0.0031810097
1684 0.0031818148
1686 0.0031826195
1688 0.0031834229
1690 0.0031842236
1692 0.0031850206
1694 0.0031858128
1696 0.0031865995
1698 0.0031873802
1700 0.0031881547
1702 0.0031889231
1704 0.0031896857
1706 0.003190443
1708 0.0031911958
1710 0.0031919448
1712 0.0031926911
1714 0.0031934356
1716 0.0031941793
1718 0.003194923
1720 0.0031956675
1722 0.0031964134
1724 0.0031971611
1726 0.0031979107
1728 0.0031986624
1730 0.0031994159
1732 0.0032001711
1734 0.0032009275
1736 0.0032016846
1738 0.0032024421
1740 0.0032031994
1742 0.0032039563
1744 0.0032047124
1746 0.0032054675
1748 0.0032062217
1750 0.0032069749
1752 0.003207727
1754 0.003208478
1756 0.0032092277
1758 0.0032099759
1760 0.0032107225
1762 0.0032114671
1764 0.0032122097
1766 0.0032129499
1768 0.0032136877
1770 0.0032144227
1772 0.0032151547
1774 0.0032158836
1776 0.0032166092
1778 0.0032173313
1780 0.0032180502
1782 0.0032187658
1784 0.0032194788
1786 0.0032201895
1788 0.0032208987
1790 0.0032216069
1792 0.0032223146
1794 0.0032230225
1796 0.0032237307
1798 0.0032244392
1800 0.0032251479
1802 0.0032258565
1804 0.0032265646
1806 0.0032272716
1808 0.0032279771
1810 0.0032286807
1812 0.003229382
1814 0.0032300805
1816 0.003230776
1818 0.003231468
1820 0.0032321562
1822 0.0032328402
1824 0.0032335196
1826 0.0032341942
1828 0.0032348639
1830 0.0032355287
1832 0.0032361887
1834 0.0032368444
1836 0.003237496
1838 0.003238144
1840 0.003238789
1842 0.0032394315
1844 0.0032400719
1846 0.0032407107
1848 0.0032413482
1850 0.0032419848
1852 0.0032426205
1854 0.0032432557
1856 0.0032438901
1858 0.0032445239
1860 0.003245157
1862 0.0032457893
1864 0.0032464209
1866 0.0032470521
1868 0.003247683
1870 0.003248314
1872 0.0032489456
1874 0.003249578
1876 0.0032502117
1878 0.0032508468
1880 0.0032514836
1882 0.0032521218
1884 0.0032527612
1886 0.0032534014
1888 0.0032540418
1890 0.0032546817
1892 0.0032553203
1894 0.0032559569
1896 0.0032565909
1898 0.0032572217
1900 0.0032578489
1902 0.0032584725
1904 0.0032590925
1906 0.003259709
1908 0.0032603226
1910 0.0032609336
1912 0.0032615427
1914 0.0032621506
1916 0.0032627579
1918 0.0032633651
1920 0.0032639727
1922 0.003264581
1924 0.00326519
1926 0.0032657997
1928 0.0032664098
1930 0.0032670202
1932 0.0032676304
1934 0.0032682401
1936 0.003268849
1938 0.0032694567
1940 0.0032700631
1942 0.0032706677
1944 0.0032712704
1946 0.0032718707
1948 0.0032724686
1950 0.0032730639
1952 0.0032736566
1954 0.0032742469
1956 0.0032748349
1958 0.0032754211
1960 0.0032760058
1962 0.0032765894
1964 0.0032771721
1966 0.0032777542
1968 0.0032783358
1970 0.0032789169
1972 0.0032794976
1974 0.0032800779
1976 0.003280658
1978 0.0032812378
1980 0.0032818175
1982 0.0032823973
1984 0.0032829773
1986 0.0032835576
1988 0.0032841383
1990 0.0032847196
1992 0.0032853013
1994 0.0032858836
1996 0.0032864664
1998 0.0032870494
2000 0.0032876327
2002 0.003288216
2004 0.0032887994
2006 0.0032893828
2008 0.0032899663
2010 0.0032905502
2012 0.0032911347
2014 0.00329172
2016 0.0032923064
2018 0.0032928942
2020 0.0032934833
2022 0.0032940737
2024 0.0032946651
2026 0.0032952573
2028 0.0032958496
2030 0.0032964415
2032 0.0032970324
2034 0.0032976218
2036 0.0032982093
2038 0.0032987946
2040 0.0032993776
2042 0.0032999581
2044 0.0033005362
2046 0.003301112
2048 0.0033016856
2050 0.003302257
2052 0.0033028263
2054 0.0033033935
2056 0.0033039587
2058 0.0033045219
2060 0.0033050833
2062 0.0033056428
2064 0.0033062007
2066 0.003306757
2068 0.0033073116
2070 0.0033078647
2072 0.0033084161
2074 0.0033089657
2076 0.0033095135
2078 0.0033100593
2080 0.0033106028
2082 0.0033111438
2084 0.0033116819
2086 0.0033122171
2088 0.0033127489
2090 0.0033132775
2092 0.0033138026
2094 0.0033143247
2096 0.0033148439
2098 0.0033153608
2100 0.0033158759
2102 0.0033163898
2104 0.0033169029
2106 0.0033174158
2108 0.0033179287
2110 0.0033184419
2112 0.0033189556
2114 0.0033194698
2116 0.0033199846
2118 0.0033204998
2120 0.0033210153
2122 0.0033215311
2124 0.003322047
2126 0.0033225631
2128 0.0033230793
2130 0.0033235959
2132 0.003324113
2134 0.003324631
2136 0.00332515
2138 0.0033256699
2140 0.0033261908
2142 0.0033267122
2144 0.0033272336
2146 0.0033277545
2148 0.0033282741
2150 0.003328792
2152 0.0033293075
2154 0.0033298204
2156 0.0033303304
2158 0.0033308376
2160 0.0033313423
2162 0.0033318449
2164 0.0033323464
2166 0.0033328474
2168 0.0033333489
2170 0.0033338518
2172 0.0033343568
2174 0.0033348644
2176 0.003335375
2178 0.0033358885
2180 0.0033364045
2182 0.0033369224
2184 0.0033374412
2186 0.0033379599
2188 0.0033384774
2190 0.0033389926
2192 0.0033395046
2194 0.0033400126
2196 0.0033405162
2198 0.003341015
2200 0.003341509
2202 0.0033419985
2204 0.0033424839
2206 0.0033429659
2208 0.0033434454
2210 0.0033439232
2212 0.0033444006
2214 0.0033448784
2216 0.0033453577
2218 0.0033458394
2220 0.003346324
2222 0.0033468118
2224 0.0033473029
2226 0.0033477968
2228 0.003348293
2230 0.0033487904
2232 0.0033492881
2234 0.0033497848
2236 0.0033502796
2238 0.0033507715
2240 0.0033512599
2242 0.0033517445
2244 0.0033522251
2246 0.0033527021
2248 0.0033531759
2250 0.0033536473
2252 0.0033541169
2254 0.0033545855
2256 0.0033550538
2258 0.0033555222
2260 0.0033559911
2262 0.0033564607
2264 0.0033569309
2266 0.0033574017
2268 0.0033578727
2270 0.0033583437
2272 0.0033588144
2274 0.0033592844
2276 0.0033597535
2278 0.0033602218
2280 0.0033606892
2282 0.0033611559
2284 0.0033616221
2286 0.0033620882
2288 0.0033625543
2290 0.0033630207
2292 0.0033634875
2294 0.0033639545
2296 0.0033644215
2298 0.0033648883
2300 0.0033653542
2302 0.0033658188
2304 0.0033662814
2306 0.0033667415
2308 0.0033671985
2310 0.003367652
2312 0.0033681016
2314 0.0033685472
2316 0.0033689886
2318 0.003369426
2320 0.0033698593
2322 0.0033702889
2324 0.0033707149
2326 0.0033711376
2328 0.0033715572
2330 0.0033719742
2332 0.0033723888
2334 0.0033728014
2336 0.0033732124
2338 0.0033736223
2340 0.0033740315
2342 0.0033744406
2344 0.00337485
2346 0.0033752602
2348 0.0033756715
2350 0.0033760841
2352 0.0033764982
2354 0.0033769138
2356 0.0033773311
2358 0.0033777498
2360 0.0033781698
2362 0.0033785907
2364 0.0033790122
2366 0.0033794337
2368 0.0033798549
2370 0.0033802751
2372 0.003380694
2374 0.0033811112
2376 0.0033815263
2378 0.0033819392
2380 0.0033823499
2382 0.0033827585
2384 0.0033831653
2386 0.0033835708
2388 0.0033839755
2390 0.0033843799
2392 0.0033847846
2394 0.0033851899
2396 0.0033855963
2398 0.0033860037
2400 0.003386412
2402 0.0033868208
2404 0.0033872296
2406 0.0033876376
2408 0.0033880443
2410 0.003388449
2412 0.0033888512
2414 0.0033892508
2416 0.0033896476
2418 0.0033900419
2420 0.003390434
2422 0.0033908243
2424 0.0033912137
2426 0.0033916029
2428 0.0033919928
2430 0.0033923842
2432 0.0033927779
2434 0.0033931746
2436 0.0033935746
2438 0.0033939783
2440 0.0033943853
2442 0.0033947953
2444 0.0033952077
2446 0.0033956216
2448 0.003396036
2450 0.0033964501
2452 0.0033968632
2454 0.0033972747
2456 0.0033976843
2458 0.0033980919
2460 0.0033984979
2462 0.0033989025
2464 0.0033993063
2466 0.0033997099
2468 0.0034001137
2470 0.0034005182
2472 0.0034009237
2474 0.0034013305
2476 0.0034017386
2478 0.0034021478
2480 0.0034025577
2482 0.0034029675
2484 0.0034033765
2486 0.0034037835
2488 0.0034041875
2490 0.0034045874
2492 0.0034049822
2494 0.0034053711
2496 0.0034057535
2498 0.0034061292
2500 0.0034064983
2502 0.0034068611
2504 0.0034072182
2506 0.0034075705
2508 0.0034079189
2510 0.0034082644
2512 0.0034086079
2514 0.0034089504
2516 0.0034092926
2518 0.0034096348
2520 0.0034099772
2522 0.0034103198
2524 0.0034106624
2526 0.0034110047
2528 0.0034113465
2530 0.0034116875
2532 0.0034120275
2534 0.0034123665
2536 0.0034127047
2538 0.0034130423
2540 0.0034133797
2542 0.0034137172
2544 0.0034140555
2546 0.003414395
2548 0.0034147363
2550 0.00341508
2552 0.0034154263
2554 0.0034157755
2556 0.0034161277
2558 0.0034164825
2560 0.0034168395
2562 0.003417198
2564 0.0034175572
2566 0.0034179162
2568 0.0034182743
2570 0.0034186308
2572 0.0034189855
2574 0.0034193381
2576 0.0034196887
2578 0.0034200377
2580 0.0034203854
2582 0.0034207323
2584 0.0034210791
2586 0.0034214263
2588 0.0034217746
2590 0.0034221246
2592 0.0034224768
2594 0.0034228314
2596 0.0034231886
2598 0.0034235481
2600 0.0034239096
2602 0.0034242727
2604 0.0034246366
2606 0.0034250008
2608 0.0034253647
2610 0.0034257277
2612 0.0034260896
2614 0.00342645
2616 0.0034268091
2618 0.0034271668
2620 0.0034275235
2622 0.0034278794
2624 0.003428235
2626 0.0034285903
2628 0.0034289456
2630 0.0034293008
2632 0.0034296557
2634 0.00343001
2636 0.003430363
2638 0.0034307144
2640 0.0034310635
2642 0.0034314098
2644 0.003431753
2646 0.0034320929
2648 0.0034324295
2650 0.003432763
2652 0.0034330937
2654 0.003433422
2656 0.0034337485
2658 0.0034340734
2660 0.0034343972
2662 0.0034347199
2664 0.0034350416
2666 0.003435362
2668 0.0034356811
2670 0.0034359983
2672 0.0034363133
2674 0.0034366258
2676 0.0034369355
2678 0.0034372422
2680 0.0034375457
2682 0.003437846
2684 0.0034381435
2686 0.0034384386
2688 0.0034387318
2690 0.0034390239
2692 0.0034393159
2694 0.0034396085
2696 0.0034399027
2698 0.0034401989
2700 0.0034404978
2702 0.0034407993
2704 0.0034411033
2706 0.0034414093
2708 0.0034417165
2710 0.003442024
2712 0.0034423306
2714 0.0034426355
2716 0.0034429377
2718 0.0034432367
2720 0.0034435323
2722 0.0034438245
2724 0.003444114
2726 0.0034444015
2728 0.0034446879
2730 0.0034449744
2732 0.0034452621
2734 0.0034455517
2736 0.0034458442
2738 0.0034461398
2740 0.0034464388
2742 0.0034467409
2744 0.003447046
2746 0.0034473533
2748 0.0034476623
2750 0.0034479723
2752 0.0034482827
2754 0.003448593
2756 0.0034489026
2758 0.0034492115
2760 0.0034495193
2762 0.003449826
2764 0.0034501316
2766 0.0034504361
2768 0.0034507395
2770 0.0034510417
2772 0.0034513427
2774 0.0034516426
2776 0.0034519413
2778 0.0034522389
2780 0.0034525355
2782 0.0034528311
2784 0.003453126
2786 0.0034534206
2788 0.0034537151
2790 0.00345401
2792 0.0034543058
2794 0.0034546028
2796 0.0034549013
2798 0.0034552016
2800 0.0034555037
2802 0.0034558077
2804 0.0034561133
2806 0.0034564202
2808 0.0034567282
2810 0.0034570369
2812 0.0034573459
2814 0.003457655
2816 0.0034579638
2818 0.0034582724
2820 0.0034585807
2822 0.0034588888
2824 0.0034591969
2826 0.0034595054
2828 0.0034598149
2830 0.0034601258
2832 0.0034604387
2834 0.0034607542
2836 0.0034610726
2838 0.0034613941
2840 0.0034617188
2842 0.0034620464
2844 0.0034623766
2846 0.0034627088
2848 0.0034630423
2850 0.0034633762
2852 0.0034637099
2854 0.0034640426
2856 0.0034643734
2858 0.0034647018
2860 0.0034650271
2862 0.0034653488
2864 0.0034656666
2866 0.0034659803
2868 0.0034662897
2870 0.0034665951
2872 0.0034668966
2874 0.0034671948
2876 0.00346749
2878 0.003467783
2880 0.0034680743
2882 0.0034683647
2884 0.0034686548
2886 0.0034689452
2888 0.0034692362
2890 0.003469528
2892 0.0034698208
2894 0.0034701144
2896 0.0034704084
2898 0.0034707024
2900 0.003470996
2902 0.0034712885
2904 0.0034715799
2906 0.0034718699
2908 0.0034721585
2910 0.0034724459
2912 0.0034727322
2914 0.0034730176
2916 0.0034733024
2918 0.0034735864
2920 0.0034738699
2922 0.0034741526
2924 0.0034744344
2926 0.0034747152
2928 0.0034749948
2930 0.0034752731
2932 0.0034755499
2934 0.0034758253
2936 0.0034760992
2938 0.0034763718
2940 0.0034766431
2942 0.0034769133
2944 0.0034771825
2946 0.0034774509
2948 0.0034777186
2950 0.0034779857
2952 0.0034782524
2954 0.0034785186
2956 0.0034787844
2958 0.0034790498
2960 0.003479315
2962 0.0034795797
2964 0.0034798439
2966 0.0034801075
2968 0.0034803704
2970 0.0034806326
2972 0.003480894
2974 0.003481155
2976 0.0034814158
2978 0.003481677
2980 0.0034819388
2982 0.0034822019
2984 0.0034824667
2986 0.0034827333
2988 0.0034830018
2990 0.003483272
2992 0.0034835438
2994 0.0034838164
2996 0.0034840896
2998 0.0034843624
3000 0.0034846344
3002 0.0034849049
3004 0.0034851733
3006 0.0034854393
3008 0.0034857028
3010 0.0034859637
3012 0.0034862222
3014 0.0034864787
3016 0.0034867336
3018 0.0034869873
3020 0.0034872402
3022 0.0034874927
3024 0.003487745
3026 0.0034879975
3028 0.0034882501
3030 0.003488503
3032 0.0034887559
3034 0.0034890088
3036 0.0034892613
3038 0.0034895131
3040 0.0034897639
3042 0.0034900133
3044 0.0034902611
3046 0.003490507
3048 0.0034907507
3050 0.0034909922
3052 0.0034912314
3054 0.0034914682
3056 0.0034917028
3058 0.0034919353
3060 0.0034921661
3062 0.0034923956
3064 0.0034926245
3066 0.0034928535
3068 0.0034930834
3070 0.003493315
3072 0.0034935492
3074 0.0034937869
3076 0.0034940287
3078 0.0034942753
3080 0.0034945269
3082 0.0034947837
3084 0.0034950455
3086 0.0034953117
3088 0.0034955818
3090 0.0034958548
3092 0.0034961297
3094 0.0034964052
3096 0.0034966801
3098 0.0034969533
3100 0.0034972237
3102 0.0034974903
3104 0.0034977525
3106 0.0034980095
3108 0.0034982614
3110 0.0034985081
3112 0.0034987499
3114 0.0034989875
3116 0.0034992217
3118 0.0034994534
3120 0.0034996835
3122 0.0034999131
3124 0.0035001429
3126 0.0035003736
3128 0.0035006055
3130 0.0035008388
3132 0.0035010737
3134 0.0035013099
3136 0.0035015473
3138 0.0035017856
3140 0.0035020246
3142 0.0035022639
3144 0.0035025032
3146 0.0035027424
3148 0.0035029813
3150 0.0035032197
3152 0.0035034574
3154 0.0035036943
3156 0.0035039304
3158 0.0035041655
3160 0.0035043994
3162 0.0035046322
3164 0.0035048638
3166 0.0035050942
3168 0.0035053233
3170 0.0035055514
3172 0.0035057785
3174 0.0035060049
3176 0.0035062308
3178 0.0035064564
3180 0.0035066818
3182 0.0035069072
3184 0.0035071326
3186 0.0035073579
3188 0.003507583
3190 0.0035078079
3192 0.0035080322
3194 0.0035082558
3196 0.0035084782
3198 0.0035086993
3200 0.0035089187
3202 0.0035091365
3204 0.0035093524
3206 0.0035095666
3208 0.0035097792
3210 0.0035099905
3212 0.0035102008
3214 0.0035104106
3216 0.0035106202
3218 0.0035108299
3220 0.0035110402
3222 0.0035112513
3224 0.0035114631
3226 0.0035116759
3228 0.0035118897
3230 0.0035121046
3232 0.0035123206
3234 0.0035125377
3236 0.0035127559
3238 0.0035129752
3240 0.0035131953
3242 0.0035134162
3244 0.0035136375
3246 0.0035138589
3248 0.0035140802
3250 0.0035143009
3252 0.003514521
3254 0.0035147402
3256 0.0035149587
3258 0.0035151764
3260 0.0035153934
3262 0.0035156101
3264 0.0035158264
3266 0.0035160425
3268 0.0035162584
3270 0.0035164739
3272 0.0035166885
3274 0.0035169019
3276 0.0035171134
3278 0.0035173225
3280 0.0035175285
3282 0.0035177308
3284 0.003517929
3286 0.003518123
3288 0.0035183127
3290 0.0035184983
3292 0.0035186803
3294 0.0035188594
3296 0.0035190363
3298 0.0035192121
3300 0.0035193877
3302 0.0035195639
3304 0.0035197416
3306 0.0035199212
3308 0.003520103
3310 0.003520287
3312 0.0035204731
3314 0.0035206608
3316 0.0035208495
3318 0.003521039
3320 0.0035212287
3322 0.0035214186
3324 0.0035216085
3326 0.0035217987
3328 0.0035219893
3330 0.0035221809
3332 0.0035223737
3334 0.0035225681
3336 0.0035227645
3338 0.003522963
3340 0.0035231638
3342 0.0035233667
3344 0.0035235716
3346 0.0035237784
3348 0.0035239866
3350 0.0035241959
3352 0.003524406
3354 0.0035246164
3356 0.003524827
3358 0.0035250375
3360 0.0035252477
3362 0.0035254577
3364 0.0035256676
3366 0.0035258774
3368 0.0035260874
3370 0.0035262977
3372 0.0035265082
3374 0.003526719
3376 0.0035269298
3378 0.0035271403
3380 0.00352735
3382 0.0035275586
3384 0.0035277655
3386 0.0035279704
3388 0.0035281731
3390 0.0035283734
3392 0.0035285713
3394 0.0035287667
3396 0.0035289598
3398 0.0035291506
3400 0.0035293393
3402 0.0035295258
3404 0.0035297105
3406 0.0035298933
3408 0.0035300744
3410 0.003530254
3412 0.0035304322
3414 0.0035306091
3416 0.0035307847
3418 0.0035309589
3420 0.0035311319
3422 0.0035313034
3424 0.0035314735
3426 0.003531642
3428 0.003531809
3430 0.0035319743
3432 0.0035321379
3434 0.0035322998
3436 0.0035324601
3438 0.0035326187
3440 0.0035327761
3442 0.0035329326
3444 0.0035330886
3446 0.0035332446
3448 0.0035334011
3450 0.0035335587
3452 0.0035337177
3454 0.0035338783
3456 0.0035340409
3458 0.0035342053
3460 0.0035343718
3462 0.0035345404
3464 0.003534711
3466 0.0035348837
3468 0.0035350586
3470 0.0035352356
3472 0.0035354147
3474 0.0035355957
3476 0.0035357784
3478 0.0035359624
3480 0.0035361474
3482 0.0035363329
3484 0.0035365182
3486 0.0035367028
3488 0.0035368863
3490 0.0035370681
3492 0.0035372479
3494 0.0035374254
3496 0.0035376005
3498 0.0035377733
3500 0.0035379439
3502 0.0035381127
3504 0.00353828
3506 0.0035384464
3508 0.0035386123
3510 0.0035387785
3512 0.0035389454
3514 0.0035391134
3516 0.0035392828
3518 0.003539454
3520 0.003539627
3522 0.0035398017
3524 0.0035399782
3526 0.0035401562
3528 0.0035403354
3530 0.0035405153
3532 0.0035406954
3534 0.0035408751
3536 0.0035410538
3538 0.0035412309
3540 0.0035414059
3542 0.0035415784
3544 0.0035417477
3546 0.0035419138
3548 0.0035420761
3550 0.0035422347
3552 0.0035423895
3554 0.0035425405
3556 0.003542688
3558 0.0035428322
3560 0.0035429737
3562 0.0035431128
3564 0.0035432501
3566 0.0035433859
3568 0.0035435206
3570 0.0035436544
3572 0.0035437874
3574 0.0035439195
3576 0.0035440508
3578 0.0035441811
3580 0.0035443105
3582 0.003544439
3584 0.0035445667
3586 0.003544694
3588 0.003544821
3590 0.0035449481
3592 0.0035450757
3594 0.003545204
3596 0.0035453333
3598 0.0035454639
3600 0.0035455961
3602 0.00354573
3604 0.0035458658
3606 0.0035460034
3608 0.0035461426
3610 0.0035462835
3612 0.0035464255
3614 0.0035465685
3616 0.0035467121
3618 0.003546856
3620 0.0035469998
3622 0.0035471435
3624 0.0035472869
3626 0.0035474298
3628 0.0035475722
3630 0.0035477141
3632 0.0035478554
3634 0.0035479962
3636 0.0035481366
3638 0.0035482765
3640 0.0035484161
3642 0.0035485552
3644 0.0035486937
3646 0.0035488316
3648 0.0035489688
3650 0.0035491053
3652 0.003549241
3654 0.0035493763
3656 0.0035495114
3658 0.0035496467
3660 0.0035497827
3662 0.0035499199
3664 0.0035500586
3666 0.003550199
3668 0.0035503411
3670 0.0035504846
3672 0.003550629
3674 0.0035507738
3676 0.0035509183
3678 0.0035510619
3680 0.0035512041
3682 0.0035513447
3684 0.0035514836
3686 0.0035516208
3688 0.0035517566
3690 0.0035518913
3692 0.0035520252
3694 0.0035521587
3696 0.0035522923
3698 0.0035524264
3700 0.0035525617
3702 0.0035526985
3704 0.0035528373
3706 0.0035529784
3708 0.003553122
3710 0.0035532678
3712 0.0035534156
3714 0.0035535648
3716 0.0035537148
3718 0.0035538649
3720 0.0035540145
3722 0.0035541629
3724 0.0035543098
3726 0.0035544549
3728 0.0035545979
3730 0.0035547387
3732 0.0035548771
3734 0.0035550133
3736 0.0035551473
3738 0.0035552792
3740 0.0035554092
3742 0.0035555378
3744 0.0035556652
3746 0.0035557918
3748 0.003555918
3750 0.0035560441
3752 0.0035561702
3754 0.0035562965
3756 0.0035564229
3758 0.0035565495
3760 0.0035566762
3762 0.0035568032
3764 0.0035569305
3766 0.0035570584
3768 0.0035571871
3770 0.0035573171
3772 0.0035574487
3774 0.0035575822
3776 0.003557718
3778 0.0035578562
3780 0.0035579969
3782 0.00355814
3784 0.0035582849
3786 0.0035584313
3788 0.0035585784
3790 0.0035587253
3792 0.0035588714
3794 0.0035590156
3796 0.0035591574
3798 0.0035592958
3800 0.0035594305
3802 0.0035595611
3804 0.0035596872
3806 0.0035598091
3808 0.0035599269
3810 0.0035600411
3812 0.0035601523
3814 0.0035602611
3816 0.0035603684
3818 0.0035604749
3820 0.0035605812
3822 0.0035606878
3824 0.0035607951
3826 0.0035609033
3828 0.0035610123
3830 0.0035611218
3832 0.0035612316
3834 0.0035613411
3836 0.0035614497
3838 0.0035615571
3840 0.0035616626
3842 0.003561766
3844 0.0035618671
3846 0.0035619659
3848 0.0035620624
3850 0.0035621569
3852 0.0035622495
3854 0.0035623405
3856 0.0035624301
3858 0.0035625187
3860 0.0035626065
3862 0.003562694
3864 0.0035627816
3866 0.0035628699
3868 0.0035629592
3870 0.0035630501
3872 0.003563143
3874 0.0035632382
3876 0.0035633359
3878 0.0035634362
3880 0.0035635391
3882 0.0035636447
3884 0.0035637526
3886 0.0035638626
3888 0.0035639744
3890 0.0035640876
3892 0.0035642016
3894 0.003564316
3896 0.0035644303
3898 0.003564544
3900 0.0035646567
3902 0.0035647684
3904 0.0035648789
3906 0.0035649882
3908 0.0035650967
3910 0.0035652045
3912 0.003565312
3914 0.0035654195
3916 0.0035655272
3918 0.0035656351
3920 0.0035657435
3922 0.0035658523
3924 0.0035659616
3926 0.0035660716
3928 0.0035661824
3930 0.0035662939
3932 0.0035664064
3934 0.0035665198
3936 0.003566634
3938 0.0035667489
3940 0.0035668641
3942 0.0035669793
3944 0.003567094
3946 0.0035672079
3948 0.0035673204
3950 0.0035674315
3952 0.0035675411
3954 0.0035676491
3956 0.0035677558
3958 0.0035678616
3960 0.0035679669
3962 0.0035680721
3964 0.0035681779
3966 0.0035682846
3968 0.003568393
3970 0.0035685035
3972 0.0035686166
3974 0.0035687327
3976 0.0035688521
3978 0.0035689748
3980 0.0035691008
3982 0.0035692297
3984 0.0035693612
3986 0.0035694944
3988 0.0035696289
3990 0.0035697639
3992 0.0035698989
3994 0.0035700334
3996 0.0035701671
3998 0.0035702998
4000 0.0035704314
4002 0.0035705617
4004 0.0035706905
4006 0.0035708177
4008 0.003570943
4010 0.0035710659
4012 0.003571186
4014 0.003571303
4016 0.0035714164
4018 0.0035715261
4020 0.003571632
4022 0.0035717344
4024 0.0035718336
4026 0.0035719304
4028 0.0035720254
4030 0.0035721198
4032 0.0035722146
4034 0.0035723106
4036 0.0035724087
4038 0.0035725097
4040 0.0035726138
4042 0.0035727214
4044 0.0035728322
4046 0.0035729458
4048 0.0035730618
4050 0.0035731794
4052 0.0035732978
4054 0.0035734162
4056 0.0035735337
4058 0.0035736495
4060 0.0035737629
4062 0.003573873
4064 0.0035739795
4066 0.003574082
4068 0.0035741802
4070 0.0035742744
4072 0.003574365
4074 0.0035744526
4076 0.0035745381
4078 0.0035746225
4080 0.0035747069
4082 0.0035747925
4084 0.0035748805
4086 0.0035749719
4088 0.0035750678
4090 0.0035751689
4092 0.0035752758
4094 0.0035753889
4096 0.0035755082
4098 0.0035756334
4100 0.003575764
4102 0.0035758992
4104 0.0035760381
4106 0.0035761798
4108 0.0035763234
4110 0.0035764682
4112 0.0035766135
4114 0.0035767588
4116 0.0035769037
4118 0.0035770481
4120 0.0035771917
4122 0.0035773344
4124 0.003577476
4126 0.0035776165
4128 0.0035777555
4130 0.0035778931
4132 0.0035780291
4134 0.0035781635
4136 0.003578296
4138 0.0035784265
4140 0.0035785548
4142 0.0035786803
4144 0.0035788027
4146 0.0035789216
4148 0.0035790366
4150 0.0035791475
4152 0.0035792543
4154 0.0035793572
4156 0.0035794567
4158 0.0035795532
4160 0.0035796474
4162 0.0035797403
4164 0.0035798326
4166 0.0035799253
4168 0.003580019
4170 0.0035801146
4172 0.0035802126
4174 0.0035803134
4176 0.0035804172
4178 0.003580524
4180 0.0035806337
4182 0.0035807459
4184 0.0035808601
4186 0.0035809757
4188 0.0035810922
4190 0.0035812087
4192 0.0035813246
4194 0.003581439
4196 0.0035815514
4198 0.003581661
4200 0.0035817677
4202 0.003581871
4204 0.0035819711
4206 0.0035820683
4208 0.0035821627
4210 0.003582255
4212 0.0035823456
4214 0.0035824348
4216 0.003582523
4218 0.0035826102
4220 0.0035826963
4222 0.0035827813
4224 0.0035828648
4226 0.0035829467
4228 0.0035830268
4230 0.0035831052
4232 0.0035831819
4234 0.0035832573
4236 0.0035833318
4238 0.0035834059
4240 0.0035834803
4242 0.0035835556
4244 0.0035836322
4246 0.0035837107
4248 0.0035837912
4250 0.0035838741
4252 0.0035839593
4254 0.0035840468
4256 0.0035841364
4258 0.003584228
4260 0.0035843212
4262 0.0035844157
4264 0.0035845111
4266 0.0035846071
4268 0.0035847031
4270 0.0035847988
4272 0.0035848936
4274 0.0035849871
4276 0.0035850789
4278 0.0035851687
4280 0.0035852563
4282 0.0035853414
4284 0.003585424
4286 0.0035855042
4288 0.0035855823
4290 0.0035856584
4292 0.0035857331
4294 0.0035858069
4296 0.0035858805
4298 0.0035859544
4300 0.0035860293
4302 0.0035861053
4304 0.0035861829
4306 0.0035862622
4308 0.003586343
4310 0.0035864252
4312 0.0035865088
4314 0.0035865932
4316 0.0035866785
4318 0.0035867641
4320 0.0035868501
4322 0.0035869361
4324 0.0035870222
4326 0.0035871084
4328 0.0035871948
4330 0.0035872816
4332 0.0035873691
4334 0.0035874577
4336 0.0035875478
4338 0.0035876398
4340 0.0035877343
4342 0.0035878316
4344 0.003587932
4346 0.0035880359
4348 0.0035881433
4350 0.0035882539
4352 0.0035883675
4354 0.0035884834
4356 0.003588601
4358 0.0035887196
4360 0.0035888384
4362 0.0035889567
4364 0.0035890739
4366 0.0035891894
4368 0.003589303
4370 0.0035894146
4372 0.0035895242
4374 0.0035896321
4376 0.0035897384
4378 0.0035898436
4380 0.0035899481
4382 0.0035900521
4384 0.0035901558
4386 0.0035902595
4388 0.0035903631
4390 0.0035904666
4392 0.0035905701
4394 0.0035906733
4396 0.0035907762
4398 0.0035908789
4400 0.0035909812
4402 0.0035910833
4404 0.0035911851
4406 0.0035912867
4408 0.0035913881
4410 0.0035914892
4412 0.0035915899
4414 0.0035916901
4416 0.0035917895
4418 0.0035918878
4420 0.0035919849
4422 0.0035920803
4424 0.0035921739
4426 0.0035922655
4428 0.0035923548
4430 0.0035924418
4432 0.0035925265
4434 0.0035926091
4436 0.0035926897
4438 0.0035927688
4440 0.0035928467
4442 0.003592924
4444 0.0035930012
4446 0.003593079
4448 0.0035931579
4450 0.0035932384
4452 0.003593321
4454 0.0035934061
4456 0.0035934939
4458 0.0035935845
4460 0.0035936779
4462 0.003593774
4464 0.0035938725
4466 0.0035939729
4468 0.0035940749
4470 0.0035941779
4472 0.0035942812
4474 0.0035943844
4476 0.0035944871
4478 0.0035945888
4480 0.0035946892
4482 0.0035947883
4484 0.0035948859
4486 0.003594982
4488 0.0035950767
4490 0.0035951701
4492 0.0035952624
4494 0.003595354
4496 0.0035954453
4498 0.0035955366
4500 0.0035956284
4502 0.0035957211
4504 0.0035958149
4506 0.0035959101
4508 0.0035960066
4510 0.0035961041
4512 0.0035962025
4514 0.0035963011
4516 0.0035963995
4518 0.0035964973
4520 0.003596594
4522 0.0035966894
4524 0.0035967834
4526 0.0035968761
4528 0.0035969676
4530 0.0035970581
4532 0.0035971478
4534 0.0035972368
4536 0.0035973252
4538 0.0035974128
4540 0.0035974995
4542 0.003597585
4544 0.003597669
4546 0.0035977512
4548 0.0035978317
4550 0.0035979103
4552 0.0035979871
4554 0.0035980625
4556 0.0035981367
4558 0.0035982102
4560 0.0035982832
4562 0.0035983561
4564 0.0035984292
4566 0.0035985027
4568 0.003598577
4570 0.0035986522
4572 0.0035987284
4574 0.003598806
4576 0.0035988849
4578 0.0035989654
4580 0.0035990474
4582 0.0035991309
4584 0.0035992157
4586 0.0035993015
4588 0.0035993878
4590 0.0035994741
4592 0.00359956
4594 0.0035996447
4596 0.0035997279
4598 0.003599809
4600 0.0035998878
4602 0.0035999639
4604 0.0036000372
4606 0.0036001078
4608 0.0036001759
4610 0.003600242
4612 0.0036003067
4614 0.0036003709
4616 0.0036004354
4618 0.0036005012
4620 0.0036005691
4622 0.00360064
4624 0.0036007145
4626 0.0036007932
4628 0.0036008765
4630 0.0036009646
4632 0.0036010575
4634 0.0036011549
4636 0.0036012565
4638 0.0036013614
4640 0.0036014687
4642 0.0036015774
4644 0.0036016862
4646 0.0036017938
4648 0.003601899
4650 0.0036020007
4652 0.0036020982
4654 0.0036021907
4656 0.0036022781
4658 0.0036023603
4660 0.0036024375
4662 0.0036025103
4664 0.0036025794
4666 0.0036026454
4668 0.0036027093
4670 0.0036027716
4672 0.0036028329
4674 0.0036028935
4676 0.0036029534
4678 0.0036030127
4680 0.0036030712
4682 0.0036031287
4684 0.0036031851
4686 0.0036032403
4688 0.0036032945
4690 0.003603348
4692 0.0036034014
4694 0.0036034552
4696 0.0036035103
4698 0.0036035674
4700 0.0036036272
4702 0.0036036904
4704 0.0036037573
4706 0.0036038283
4708 0.0036039031
4710 0.0036039814
4712 0.0036040627
4714 0.0036041461
4716 0.0036042309
4718 0.0036043161
4720 0.0036044009
4722 0.0036044847
4724 0.0036045669
4726 0.0036046472
4728 0.0036047254
4730 0.0036048017
4732 0.0036048761
4734 0.0036049489
4736 0.0036050208
4738 0.0036050922
4740 0.0036051637
4742 0.0036052359
4744 0.0036053093
4746 0.0036053846
4748 0.003605462
4750 0.0036055418
4752 0.0036056243
4754 0.0036057096
4756 0.0036057977
4758 0.0036058887
4760 0.0036059826
4762 0.0036060793
4764 0.0036061788
4766 0.003606281
4768 0.0036063856
4770 0.0036064922
4772 0.0036066002
4774 0.0036067093
4776 0.0036068188
4778 0.0036069282
4780 0.0036070374
4782 0.0036071459
4784 0.0036072537
4786 0.0036073606
4788 0.0036074667
4790 0.003607572
4792 0.0036076765
4794 0.0036077802
4796 0.0036078834
4798 0.0036079862
4800 0.0036080888
4802 0.0036081916
4804 0.0036082948
4806 0.0036083984
4808 0.0036085026
4810 0.0036086074
4812 0.0036087125
4814 0.0036088178
4816 0.0036089231
4818 0.0036090282
4820 0.0036091332
4822 0.0036092382
4824 0.0036093433
4826 0.0036094488
4828 0.0036095549
4830 0.0036096617
4832 0.0036097694
4834 0.0036098778
4836 0.003609987
4838 0.0036100967
4840 0.0036102068
4842 0.0036103169
4844 0.003610427
4846 0.0036105369
4848 0.0036106466
4850 0.0036107558
4852 0.0036108648
4854 0.0036109733
4856 0.0036110815
4858 0.0036111893
4860 0.0036112964
4862 0.0036114027
4864 0.003611508
4866 0.0036116119
4868 0.0036117142
4870 0.0036118148
4872 0.0036119134
4874 0.0036120103
4876 0.0036121055
4878 0.0036121993
4880 0.0036122917
4882 0.0036123829
4884 0.0036124729
4886 0.0036125614
4888 0.0036126481
4890 0.0036127328
4892 0.003612815
4894 0.0036128942
4896 0.0036129702
4898 0.0036130427
4900 0.0036131117
4902 0.0036131774
4904 0.0036132403
4906 0.003613301
4908 0.0036133605
4910 0.0036134199
4912 0.0036134804
4914 0.0036135431
4916 0.0036136091
4918 0.0036136792
4920 0.0036137536
4922 0.0036138325
4924 0.0036139153
4926 0.0036140012
4928 0.0036140891
4930 0.0036141778
4932 0.0036142657
4934 0.0036143516
4936 0.0036144343
4938 0.0036145129
4940 0.0036145866
4942 0.0036146551
4944 0.0036147183
4946 0.0036147764
4948 0.00361483
4950 0.0036148799
4952 0.003614927
4954 0.0036149723
4956 0.003615017
4958 0.0036150622
4960 0.0036151089
4962 0.003615158
4964 0.0036152101
4966 0.0036152658
4968 0.0036153254
4970 0.0036153889
4972 0.0036154561
4974 0.0036155268
4976 0.0036156004
4978 0.0036156763
4980 0.0036157536
4982 0.0036158316
4984 0.0036159091
4986 0.0036159852
4988 0.0036160587
4990 0.0036161286
4992 0.0036161944
4994 0.0036162553
4996 0.003616311
4998 0.0036163616
5000 0.0036164072
5002 0.0036164482
5004 0.0036164853
5006 0.0036165192
5008 0.0036165508
5010 0.0036165811
5012 0.003616611
5014 0.0036166418
5016 0.0036166743
5018 0.0036167094
5020 0.003616748
5022 0.0036167906
5024 0.0036168375
5026 0.0036168888
5028 0.0036169441
5030 0.0036170032
5032 0.0036170651
5034 0.0036171292
5036 0.0036171944
5038 0.00361726
5040 0.0036173251
5042 0.003617389
5044 0.0036174515
5046 0.0036175121
5048 0.0036175708
5050 0.0036176277
5052 0.003617683
5054 0.003617737
5056 0.00361779
5058 0.0036178424
5060 0.0036178943
5062 0.0036179458
5064 0.0036179969
5066 0.0036180475
5068 0.0036180972
5070 0.0036181456
5072 0.0036181921
5074 0.0036182364
5076 0.0036182782
5078 0.0036183175
5080 0.0036183544
5082 0.0036183897
5084 0.003618424
5086 0.0036184584
5088 0.003618494
5090 0.0036185318
5092 0.0036185728
5094 0.0036186178
5096 0.0036186671
5098 0.003618721
5100 0.0036187793
5102 0.0036188415
5104 0.0036189069
5106 0.0036189746
5108 0.0036190438
5110 0.0036191135
5112 0.0036191828
5114 0.0036192511
5116 0.0036193178
5118 0.0036193825
5120 0.003619445
5122 0.0036195053
5124 0.0036195635
5126 0.00361962
5128 0.0036196753
5130 0.0036197302
5132 0.0036197852
5134 0.003619841
5136 0.0036198983
5138 0.0036199575
5140 0.0036200186
5142 0.0036200818
5144 0.0036201467
5146 0.0036202129
5148 0.0036202797
5150 0.0036203467
5152 0.0036204132
5154 0.0036204787
5156 0.0036205432
5158 0.0036206064
5160 0.0036206684
5162 0.0036207295
5164 0.00362079
5166 0.0036208504
5168 0.003620911
5170 0.0036209722
5172 0.0036210346
5174 0.0036210984
5176 0.0036211639
5178 0.0036212313
5180 0.0036213007
5182 0.0036213721
5184 0.0036214453
5186 0.0036215198
5188 0.0036215951
5190 0.0036216704
5192 0.0036217449
5194 0.0036218177
5196 0.003621888
5198 0.0036219552
5200 0.0036220189
5202 0.0036220789
5204 0.0036221354
5206 0.003622189
5208 0.0036222403
5210 0.0036222903
5212 0.0036223399
5214 0.00362239
5216 0.0036224415
5218 0.0036224952
5220 0.0036225517
5222 0.0036226116
5224 0.0036226751
5226 0.0036227424
5228 0.0036228134
5230 0.0036228879
5232 0.0036229654
5234 0.0036230456
5236 0.0036231277
5238 0.0036232113
5240 0.0036232959
5242 0.003623381
5244 0.0036234663
5246 0.0036235516
5248 0.0036236365
5250 0.0036237209
5252 0.0036238044
5254 0.0036238868
5256 0.0036239677
5258 0.0036240469
5260 0.003624124
5262 0.0036241988
5264 0.003624271
5266 0.0036243405
5268 0.0036244074
5270 0.0036244716
5272 0.0036245333
5274 0.0036245929
5276 0.0036246506
5278 0.0036247069
5280 0.0036247625
5282 0.0036248177
5284 0.0036248732
5286 0.0036249294
5288 0.0036249868
5290 0.0036250458
5292 0.0036251067
5294 0.0036251698
5296 0.0036252352
5298 0.0036253032
5300 0.0036253739
5302 0.0036254473
5304 0.0036255234
5306 0.0036256019
5308 0.0036256825
5310 0.0036257647
5312 0.0036258481
5314 0.0036259321
5316 0.0036260163
5318 0.0036261
5320 0.0036261831
5322 0.0036262651
5324 0.0036263456
5326 0.0036264245
5328 0.0036265014
5330 0.0036265759
5332 0.0036266479
5334 0.0036267171
5336 0.0036267836
5338 0.0036268474
5340 0.0036269089
5342 0.0036269684
5344 0.0036270264
5346 0.0036270833
5348 0.0036271396
5350 0.0036271956
5352 0.0036272518
5354 0.0036273086
5356 0.0036273663
5358 0.003627425
5360 0.0036274851
5362 0.0036275466
5364 0.0036276093
5366 0.0036276729
5368 0.003627737
5370 0.0036278012
5372 0.003627865
5374 0.003627928
5376 0.0036279898
5378 0.0036280504
5380 0.0036281096
5382 0.0036281674
5384 0.0036282241
5386 0.0036282799
5388 0.0036283351
5390 0.0036283899
5392 0.0036284449
5394 0.0036285004
5396 0.0036285567
5398 0.0036286141
5400 0.0036286728
5402 0.0036287329
5404 0.0036287943
5406 0.0036288568
5408 0.00362892
5410 0.0036289837
5412 0.0036290473
5414 0.0036291105
5416 0.0036291728
5418 0.0036292342
5420 0.0036292944
5422 0.0036293533
5424 0.0036294109
5426 0.0036294672
5428 0.0036295222
5430 0.0036295759
5432 0.0036296285
5434 0.0036296799
5436 0.0036297303
5438 0.0036297798
5440 0.0036298284
5442 0.0036298763
5444 0.0036299235
5446 0.00362997
5448 0.0036300157
5450 0.0036300606
5452 0.0036301046
5454 0.0036301476
5456 0.0036301894
5458 0.0036302301
5460 0.0036302696
5462 0.0036303078
5464 0.003630345
5466 0.0036303811
5468 0.0036304165
5470 0.0036304512
5472 0.0036304858
5474 0.0036305204
5476 0.0036305556
5478 0.0036305916
5480 0.0036306288
5482 0.0036306674
5484 0.0036307076
5486 0.0036307492
5488 0.0036307921
5490 0.0036308358
5492 0.0036308798
5494 0.0036309236
5496 0.0036309665
5498 0.0036310078
5500 0.003631047
5502 0.0036310835
5504 0.003631117
5506 0.0036311472
5508 0.0036311741
5510 0.0036311976
5512 0.0036312179
5514 0.0036312353
5516 0.0036312502
5518 0.0036312631
5520 0.0036312746
5522 0.003631285
5524 0.0036312951
5526 0.0036313052
5528 0.0036313158
5530 0.0036313271
5532 0.0036313395
5534 0.0036313528
5536 0.003631367
5538 0.0036313817
5540 0.0036313966
5542 0.0036314112
5544 0.0036314251
5546 0.003631438
5548 0.0036314496
5550 0.0036314599
5552 0.003631469
5554 0.0036314773
5556 0.0036314851
5558 0.0036314931
5560 0.0036315019
5562 0.0036315122
5564 0.0036315244
5566 0.003631539
5568 0.0036315561
5570 0.0036315757
5572 0.0036315978
5574 0.003631622
5576 0.003631648
5578 0.0036316754
5580 0.0036317037
5582 0.0036317326
5584 0.0036317617
5586 0.0036317907
5588 0.0036318195
5590 0.0036318479
5592 0.003631876
5594 0.0036319039
5596 0.0036319318
5598 0.00363196
5600 0.0036319887
5602 0.0036320182
5604 0.0036320488
5606 0.0036320807
5608 0.0036321138
5610 0.0036321481
5612 0.0036321836
5614 0.00363222
5616 0.0036322571
5618 0.0036322948
5620 0.0036323331
5622 0.0036323722
5624 0.0036324122
5626 0.0036324535
5628 0.0036324966
5630 0.0036325416
5632 0.0036325887
5634 0.0036326378
5636 0.0036326886
5638 0.0036327408
5640 0.0036327937
5642 0.0036328467
5644 0.0036328992
5646 0.0036329506
5648 0.0036330005
5650 0.0036330485
5652 0.0036330942
5654 0.0036331376
5656 0.0036331785
5658 0.0036332171
5660 0.0036332536
5662 0.0036332886
5664 0.0036333226
5666 0.0036333566
5668 0.0036333912
5670 0.0036334275
5672 0.003633466
5674 0.0036335076
5676 0.0036335524
5678 0.0036336006
5680 0.0036336519
5682 0.0036337056
5684 0.003633761
5686 0.003633817
5688 0.0036338726
5690 0.0036339269
5692 0.0036339792
5694 0.0036340291
5696 0.0036340767
5698 0.0036341223
5700 0.0036341667
5702 0.0036342107
5704 0.0036342556
5706 0.0036343022
5708 0.0036343515
5710 0.0036344043
5712 0.003634461
5714 0.0036345218
5716 0.0036345864
5718 0.0036346545
5720 0.0036347251
5722 0.0036347972
5724 0.0036348696
5726 0.0036349412
5728 0.0036350107
5730 0.0036350772
5732 0.0036351401
5734 0.0036351988
5736 0.0036352535
5738 0.0036353044
5740 0.0036353522
5742 0.0036353976
5744 0.0036354414
5746 0.0036354844
5748 0.0036355272
5750 0.0036355702
5752 0.0036356134
5754 0.0036356568
5756 0.0036356999
5758 0.0036357424
5760 0.0036357838
5762 0.0036358236
5764 0.0036358617
5766 0.003635898
5768 0.0036359325
5770 0.0036359656
5772 0.0036359977
5774 0.0036360293
5776 0.0036360608
5778 0.003636093
5780 0.0036361261
5782 0.0036361605
5784 0.0036361961
5786 0.003636233
5788 0.0036362707
5790 0.003636309
5792 0.0036363474
5794 0.0036363854
5796 0.0036364228
5798 0.0036364592
5800 0.0036364945
5802 0.0036365286
5804 0.0036365617
5806 0.0036365939
5808 0.0036366257
5810 0.0036366576
5812 0.0036366903
5814 0.0036367245
5816 0.0036367608
5818 0.0036367999
5820 0.003636842
5822.001 0.0036368872
5824 0.0036369353
5826 0.003636986
5828 0.0036370385
5830 0.0036370922
5832 0.0036371463
5834 0.0036372
5836 0.0036372529
5838 0.0036373042
5840 0.0036373537
5842 0.0036374012
5844 0.0036374468
5846 0.0036374907
5848 0.0036375333
5850 0.0036375751
5852 0.0036376165
5854 0.0036376582
5856 0.0036377004
5858 0.0036377436
5860 0.003637788
5862 0.0036378336
5864 0.0036378804
5866 0.0036379286
5868.001 0.003637978
5870 0.0036380285
5872 0.0036380803
5874 0.0036381333
5876 0.0036381874
5878 0.0036382427
5880 0.0036382992
5882 0.0036383568
5884 0.0036384156
5886 0.0036384755
5888 0.0036385362
5890 0.0036385977
5892 0.0036386598
5894 0.0036387219
5896 0.0036387838
5898 0.0036388451
5900 0.0036389052
5902 0.0036389639
5904 0.0036390206
5906 0.0036390749
5908 0.0036391265
5910 0.0036391751
5912 0.0036392202
5914.001 0.0036392617
5916 0.0036392994
5918 0.0036393332
5920 0.0036393633
5922 0.0036393899
5924 0.0036394136
5926 0.0036394348
5928 0.0036394544
5930 0.0036394731
5932 0.0036394915
5934 0.0036395103
5936 0.0036395299
5938 0.003639551
5940 0.0036395737
5942 0.0036395983
5944 0.0036396248
5946 0.0036396533
5948 0.0036396833
5950 0.0036397147
5952 0.0036397468
5954 0.0036397791
5956 0.003639811
5958 0.0036398418
5960.001 0.0036398708
5962 0.0036398974
5964 0.0036399212
5966 0.0036399419
5968 0.0036399594
5970 0.003639974
5972 0.0036399858
5974 0.0036399956
5976 0.0036400039
5978 0.0036400115
5980 0.0036400192
5982 0.0036400276
5984 0.0036400372
5986 0.0036400485
5988 0.0036400616
5990 0.0036400767
5992 0.0036400937
5994 0.0036401125
5996 0.0036401327
5998 0.0036401539
6000 0.0036401757
6002 0.0036401976
6004 0.0036402191
6006.001 0.0036402396
6008 0.0036402588
6010 0.0036402764
6012 0.0036402923
6014 0.0036403064
6016 0.0036403189
6018 0.00364033
6020 0.0036403401
6022 0.0036403496
6024 0.003640359
6026 0.0036403689
6028 0.0036403798
6030 0.003640392
6032 0.0036404059
6034 0.0036404217
6036 0.0036404393
6038 0.0036404588
6040 0.0036404798
6042 0.0036405021
6044 0.0036405251
6046 0.0036405485
6048 0.0036405718
6050 0.0036405947
6052.001 0.0036406172
6054 0.0036406391
6056 0.0036406605
6058 0.0036406817
6060 0.003640703
6062 0.0036407246
6064 0.003640747
6066 0.0036407704
6068 0.0036407952
6070 0.0036408215
6072.001 0.0036408494
6074 0.0036408788
6076 0.0036409095
6078 0.003640941
6080 0.0036409728
6082 0.0036410043
6084 0.0036410348
6086 0.0036410636
6088 0.0036410904
6090 0.0036411147
6092 0.0036411364
6094 0.0036411553
6096 0.0036411715
6098.001 0.0036411854
6100 0.0036411972
6102 0.0036412076
6104 0.0036412173
6106 0.003641227
6108 0.0036412377
6110 0.0036412502
6112 0.0036412651
6114 0.0036412832
6116 0.0036413046
6118.001 0.0036413295
6120 0.0036413576
6122 0.0036413888
6124 0.0036414223
6126 0.0036414575
6128 0.0036414939
6130 0.0036415308
6132 0.0036415675
6134 0.0036416035
6136 0.0036416384
6138 0.0036416718
6140 0.0036417036
6142 0.0036417337
6144 0.0036417621
6146 0.0036417891
6148 0.0036418148
6150 0.0036418396
6152 0.003641864
6154 0.0036418883
6156 0.003641913
6158 0.0036419384
6160 0.003641965
6162 0.003641993
6164.001 0.0036420226
6166 0.003642054
6168 0.0036420873
6170 0.0036421225
6172 0.0036421595
6174 0.0036421984
6176 0.0036422392
6178 0.0036422817
6180 0.0036423259
6182 0.0036423718
6184 0.0036424193
6186 0.0036424685
6188 0.0036425193
6190 0.0036425716
6192 0.0036426257
6194 0.0036426813
6196 0.0036427383
6198 0.0036427966
6200 0.0036428557
6202 0.003642915
6204 0.0036429738
6206 0.0036430315
6208 0.0036430873
6210.001 0.0036431408
6212 0.0036431915
6214 0.0036432394
6216 0.0036432845
6218 0.0036433272
6220 0.0036433679
6222 0.0036434071
6224 0.0036434452
6226 0.0036434829
6228 0.0036435205
6230 0.0036435582
6232 0.003643596
6234 0.0036436338
6236 0.0036436711
6238 0.0036437075
6240 0.0036437424
6242 0.0036437751
6244 0.0036438053
6246 0.0036438323
6248 0.0036438562
6250 0.0036438768
6252 0.0036438945
6254 0.0036439097
6256.001 0.0036439232
6258 0.0036439358
6260 0.0036439485
6262 0.0036439624
6264 0.0036439787
6266 0.0036439983
6268 0.0036440222
6270 0.0036440511
6272 0.0036440853
6274 0.003644125
6276 0.0036441698
6278 0.0036442191
6280 0.0036442718
6282 0.0036443266
6284 0.003644382
6286 0.0036444363
6288 0.003644488
6290 0.0036445358
6292 0.0036445789
6294 0.0036446165
6296 0.0036446487
6298 0.0036446757
6300 0.0036446985
6302.001 0.0036447179
6304 0.0036447353
6306 0.0036447518
6308 0.0036447684
6310 0.003644786
6312 0.003644805
6314 0.0036448255
6316 0.0036448471
6318 0.0036448691
6320 0.0036448904
6322.001 0.0036449099
6324 0.0036449263
6326 0.0036449387
6328 0.0036449461
6330 0.003644948
6332 0.0036449444
6334 0.0036449355
6336 0.0036449219
6338 0.0036449044
6340 0.0036448842
6342 0.0036448624
6344 0.0036448404
6346 0.0036448192
6348.001 0.0036448001
6350 0.0036447841
6352 0.003644772
6354 0.0036447647
6356 0.0036447624
6358 0.0036447653
6360 0.0036447732
6362 0.0036447858
6364 0.0036448021
6366 0.0036448215
6368.001 0.0036448431
6370 0.0036448661
6372 0.0036448901
6374 0.0036449146
6376 0.0036449394
6378 0.0036449647
6380 0.0036449904
6382 0.003645017
6384 0.0036450443
6386 0.0036450727
6388 0.0036451021
6390 0.0036451325
6392 0.0036451636
6394.001 0.003645195
6396 0.0036452262
6398 0.0036452567
6400 0.0036452855
6402 0.0036453121
6404 0.0036453357
6406 0.0036453559
6408 0.0036453724
6410 0.0036453852
6412 0.0036453946
6414.001 0.0036454011
6416 0.0036454052
6418 0.0036454078
6420 0.0036454093
6422 0.0036454105
6424 0.0036454119
6426 0.0036454137
6428 0.0036454163
6430 0.0036454199
6432 0.0036454244
6434 0.0036454302
6436 0.003645437
6438 0.003645445
6440.001 0.0036454541
6442 0.0036454639
6444 0.0036454743
6446 0.0036454849
6448 0.0036454951
6450 0.0036455045
6452 0.0036455126
6454 0.0036455193
6456 0.0036455243
6458 0.0036455278
6460.001 0.0036455302
6462 0.003645532
6464 0.0036455339
6466 0.0036455369
6468 0.0036455416
6470 0.003645549
6472 0.0036455595
6474 0.0036455734
6476 0.003645591
6478 0.003645612
6480 0.003645636
6482 0.0036456624
6484 0.0036456902
6486.001 0.0036457185
6488 0.0036457462
6490 0.0036457722
6492 0.0036457956
6494 0.0036458158
6496 0.0036458324
6498 0.0036458452
6500 0.0036458546
6502 0.0036458608
6504 0.0036458648
6506.001 0.0036458674
6508 0.0036458696
6510 0.0036458724
6512 0.0036458766
6514 0.0036458831
6516 0.0036458924
6518 0.0036459046
6520 0.0036459198
6522 0.0036459374
6524 0.0036459568
6526 0.0036459773
6528 0.0036459978
6530 0.0036460174
6532.001 0.0036460352
6534 0.0036460505
6536 0.0036460626
6538 0.0036460713
6540 0.0036460765
6542 0.0036460784
6544 0.0036460773
6546 0.0036460741
6548 0.0036460697
6550 0.003646065
6552.001 0.0036460611
6554 0.0036460589
6556 0.0036460594
6558 0.0036460632
6560 0.0036460708
6562 0.0036460825
6564 0.0036460983
6566 0.003646118
6568 0.0036461413
6570 0.0036461677
6572.001 0.0036461968
6574 0.0036462278
6576 0.00364626
6578.001 0.0036462928
6580 0.0036463254
6582 0.0036463573
6584 0.003646388
6586 0.0036464173
6588 0.0036464449
6590 0.0036464709
6592 0.0036464954
6594 0.0036465189
6596 0.0036465417
6598.001 0.0036465644
6600 0.0036465875
6602 0.0036466114
6604 0.0036466365
6606 0.0036466627
6608 0.0036466902
6610 0.0036467185
6612 0.0036467472
6614 0.0036467757
6616 0.0036468035
6618.001 0.0036468301
6620 0.0036468548
6622 0.0036468773
6624.001 0.0036468973
6626 0.0036469148
6628 0.0036469295
6630 0.0036469418
6632 0.0036469518
6634 0.0036469598
6636 0.0036469663
6638 0.0036469719
6640 0.0036469771
6642 0.0036469823
6644.001 0.003646988
6646 0.0036469947
6648 0.0036470025
6650 0.0036470114
6652 0.0036470215
6654 0.0036470325
6656 0.003647044
6658 0.0036470559
6660 0.0036470675
6662 0.0036470789
6664.001 0.0036470897
6666 0.0036471003
6668 0.0036471109
6670.001 0.0036471219
6672 0.0036471337
6674 0.0036471466
6676 0.0036471608
6678 0.0036471762
6680 0.0036471926
6682 0.0036472095
6684 0.0036472263
6686 0.0036472425
6688 0.0036472572
6690.001 0.0036472699
6692 0.0036472801
6694 0.0036472875
6696 0.003647292
6698 0.0036472934
6700 0.0036472917
6702 0.0036472871
6704 0.0036472798
6706 0.0036472698
6708 0.0036472575
6710.001 0.0036472432
6712 0.0036472271
6714 0.0036472098
6716.001 0.0036471918
6718 0.0036471736
6720 0.0036471557
6722 0.0036471387
6724 0.0036471229
6726 0.0036471085
6728 0.0036470956
6730 0.0036470842
6732 0.003647074
6734 0.0036470646
6736.001 0.0036470555
6738 0.0036470461
6740 0.0036470356
6742 0.0036470234
6744 0.0036470089
6746 0.0036469918
6748 0.0036469717
6750 0.0036469487
6752 0.003646923
6754 0.0036468953
6756.001 0.0036468662
6758 0.0036468366
6760 0.0036468077
6762 0.0036467805
6764 0.003646756
6766 0.0036467352
6768 0.0036467187
6770 0.0036467074
6772 0.0036467015
6774 0.0036467013
6776 0.0036467065
6778 0.0036467169
6780 0.0036467318
6782.001 0.0036467505
6784 0.0036467719
6786 0.0036467951
6788 0.0036468193
6790 0.0036468437
6792 0.0036468677
6794 0.003646891
6796 0.0036469131
6798 0.0036469342
6800 0.0036469541
6802.001 0.0036469731
6804 0.0036469915
6806 0.0036470095
6808 0.0036470277
6810 0.0036470464
6812 0.0036470659
6814 0.0036470864
6816 0.0036471078
6818 0.00364713
6820 0.0036471525
6822.001 0.0036471747
6824 0.0036471962
6826 0.0036472163
6828.001 0.0036472347
6830 0.0036472509
6832 0.0036472649
6834 0.0036472765
6836 0.0036472858
6838 0.003647293
6840 0.0036472983
6842 0.003647302
6844 0.0036473045
6846 0.0036473062
6848.001 0.0036473075
6850 0.003647309
6852 0.0036473111
6854 0.003647314
6856 0.0036473179
6858 0.0036473225
6860 0.0036473274
6862 0.0036473319
6864 0.0036473351
6866 0.003647336
6868.001 0.0036473335
6870 0.0036473267
6872 0.0036473148
6874.001 0.0036472974
6876 0.0036472743
6878 0.0036472458
6880 0.0036472125
6882 0.003647175
6884 0.0036471345
6886 0.0036470919
6888 0.0036470485
6890 0.0036470053
6892 0.0036469633
6894.001 0.0036469235
6896 0.0036468868
6898 0.0036468538
6900 0.0036468251
6902 0.003646801
6904 0.0036467817
6906 0.0036467669
6908 0.0036467564
6910 0.0036467494
6912 0.0036467451
6914.001 0.0036467424
6916 0.0036467404
6918 0.0036467379
6920.001 0.0036467341
6922 0.0036467282
6924 0.0036467196
6926 0.0036467077
6928 0.0036466923
6930 0.0036466733
6932 0.0036466509
6934 0.0036466253
6936 0.0036465969
6938 0.0036465665
6940.001 0.0036465347
6942 0.0036465024
6944 0.0036464704
6946 0.0036464395
6948 0.0036464103
6950 0.0036463832
6952 0.0036463586
6954 0.0036463363
6956 0.0036463164
6958 0.0036462983
6960.001 0.0036462817
6962 0.0036462661
6964 0.0036462512
6966.001 0.0036462368
6968 0.0036462227
6970 0.0036462089
6972 0.0036461956
6974 0.0036461829
6976 0.0036461709
6978 0.0036461599
6980 0.00364615
6982 0.0036461411
6984 0.0036461333
6986.001 0.0036461264
6988 0.0036461203
6990 0.0036461145
6992 0.0036461087
6994 0.0036461024
6996 0.0036460953
6998 0.0036460867
7000 0.0036460764
7002 0.0036460638
7004 0.0036460489
7006.001 0.0036460314
7008 0.0036460116
7010 0.0036459896
7012.001 0.0036459661
7014 0.0036459418
7016 0.0036459176
7018 0.0036458944
7020 0.0036458732
7022 0.003645855
7024 0.0036458404
7026 0.0036458298
7028 0.0036458234
7030 0.003645821
7032.001 0.003645822
7034 0.0036458256
7036 0.0036458309
7038 0.0036458369
7040 0.0036458425
7042 0.0036458469
7044 0.0036458497
7046 0.0036458504
7048 0.0036458493
7050 0.0036458464
7052.001 0.0036458425
7054 0.0036458381
7056 0.0036458339
7058.001 0.0036458305
7060 0.0036458284
7062 0.0036458278
7064 0.0036458289
7066 0.0036458314
7068 0.003645835
7070 0.0036458391
7072.001 0.0036458434
7074 0.0036458472
7076 0.0036458501
7078.001 0.0036458516
7080 0.0036458515
7082 0.0036458497
7084 0.0036458462
7086 0.0036458411
7088 0.0036458346
7090 0.0036458269
7092 0.0036458182
7094 0.0036458085
7096 0.0036457978
7098.001 0.0036457863
7100 0.0036457738
7102 0.0036457603
7104.001 0.0036457459
7106 0.0036457306
7108 0.0036457148
7110 0.0036456985
7112 0.003645682
7114 0.0036456654
7116 0.003645649
7118.001 0.0036456328
7120 0.0036456168
7122 0.003645601
7124.001 0.0036455853
7126 0.0036455693
7128 0.0036455527
7130 0.0036455351
7132 0.003645516
7134 0.0036454947
7136 0.0036454707
7138 0.0036454433
7140 0.0036454122
7142 0.0036453772
7144.001 0.0036453383
7146 0.0036452959
7148 0.0036452507
7150.001 0.0036452034
7152 0.0036451552
7154 0.0036451069
7156 0.0036450596
7158 0.0036450139
7160 0.0036449706
7162 0.00364493
7164.001 0.0036448925
7166 0.0036448581
7168 0.0036448267
7170.001 0.0036447982
7172 0.0036447722
7174 0.0036447482
7176 0.0036447255
7178 0.0036447035
7180 0.0036446817
7182 0.0036446593
7184 0.0036446362
7186 0.0036446119
7188 0.0036445864
7190.001 0.0036445596
7192 0.0036445315
7194 0.003644502
7196.001 0.0036444709
7198 0.0036444381
7200 0.0036444034
7202 0.0036443665
7204 0.0036443275
7206 0.0036442866
7208 0.0036442442
7210.001 0.0036442008
7212 0.0036441571
7214 0.003644114
7216.001 0.0036440721
7218 0.0036440322
7220 0.0036439947
7222 0.0036439601
7224 0.0036439285
7226 0.0036438999
7228 0.003643874
7230 0.0036438505
7232 0.0036438288
7234 0.0036438082
7236.001 0.0036437877
7238 0.0036437665
7240 0.0036437436
7242.001 0.0036437184
7244 0.0036436902
7246 0.0036436584
7248 0.0036436228
7250 0.0036435834
7252 0.0036435404
7254 0.0036434942
7256.001 0.0036434455
7258 0.0036433953
7260 0.0036433445
7262.001 0.0036432944
7264 0.0036432464
7266 0.0036432014
7268 0.0036431608
7270 0.0036431255
7272 0.0036430962
7274 0.0036430732
7276 0.0036430568
7278 0.0036430465
7280 0.0036430419
7282.001 0.0036430422
7284 0.0036430464
7286 0.0036430537
7288.001 0.0036430628
7290 0.0036430727
7292 0.0036430826
7294 0.0036430915
7296 0.0036430987
7298 0.0036431037
7300 0.0036431061
7302.001 0.0036431055
7304 0.0036431018
7306 0.0036430947
7308.001 0.0036430843
7310 0.0036430707
7312 0.003643054
7314 0.0036430345
7316 0.0036430127
7318 0.0036429889
7320 0.0036429638
7322.001 0.0036429381
7324 0.0036429126
7326 0.0036428879
7328.001 0.0036428649
7330 0.0036428443
7332 0.0036428268
7334 0.003642813
7336 0.0036428032
7338 0.0036427978
7340 0.0036427969
7342 0.0036428004
7344 0.003642808
7346 0.0036428193
7348.001 0.0036428337
7350 0.0036428505
7352 0.0036428688
7354.001 0.0036428879
7356 0.0036429067
7358 0.0036429246
7360 0.0036429408
7362 0.0036429545
7364 0.0036429652
7366 0.0036429721
7368.001 0.0036429744
7370 0.0036429717
7372 0.0036429632
7374.001 0.0036429487
7376 0.003642928
7378 0.0036429012
7380 0.0036428686
7382 0.0036428309
7384 0.0036427888
7386 0.003642743
7388 0.0036426942
7390 0.0036426432
7392 0.0036425905
7394.001 0.0036425369
7396 0.0036424829
7398 0.0036424291
7400.001 0.0036423762
7402 0.0036423249
7404 0.0036422759
7406 0.0036422297
7408 0.0036421868
7410 0.0036421472
7412 0.0036421108
7414.001 0.0036420773
7416 0.0036420462
7418 0.0036420169
7420.001 0.0036419887
7422 0.0036419609
7424 0.0036419331
7426 0.0036419048
7428 0.0036418759
7430 0.0036418466
7432 0.0036418172
7434 0.0036417879
7436 0.0036417593
7438 0.0036417318
7440.001 0.0036417055
7442 0.0036416805
7444 0.0036416567
7446.001 0.0036416337
7448 0.0036416111
7450 0.0036415882
7452 0.0036415648
7454 0.0036415403
7456 0.0036415148
7458 0.0036414882
7460.001 0.0036414609
7462 0.0036414332
7464 0.0036414058
7466.001 0.0036413793
7468 0.0036413543
7470 0.0036413315
7472 0.0036413114
7474 0.0036412942
7476 0.0036412802
7478 0.0036412693
7480 0.0036412613
7482 0.003641256
7484 0.0036412529
7486.001 0.0036412517
7488 0.003641252
7490 0.0036412535
7492.001 0.003641256
7494 0.0036412594
7496 0.0036412636
7498 0.0036412687
7500 0.0036412748
7502 0.0036412818
7504 0.0036412901
7506.001 0.0036412998
7508 0.0036413112
7510 0.0036413244
7512.001 0.0036413397
7514 0.003641357
7516 0.0036413762
7518 0.0036413972
7520 0.0036414195
7522 0.0036414427
7524 0.0036414661
7526 0.0036414893
7528 0.0036415118
7530 0.003641533
7532.001 0.0036415527
7534 0.0036415709
7536 0.0036415877
7538.001 0.0036416034
7540 0.0036416184
7542 0.0036416333
7544 0.0036416486
7546 0.0036416645
7548 0.0036416811
7550 0.0036416982
7552.001 0.0036417152
7554 0.0036417314
7556 0.0036417458
7558.001 0.0036417577
7560 0.0036417661
7562 0.0036417707
7564 0.0036417713
7566 0.0036417679
7568 0.0036417611
7570 0.0036417517
7572.001 0.0036417409
7574 0.00364173
7576 0.0036417206
7578.001 0.0036417141
7580 0.0036417122
7582 0.0036417162
7584.001 0.0036417271
7586 0.0036417455
7588 0.0036417718
7590 0.0036418054
7592 0.0036418456
7594 0.0036418912
7596 0.0036419407
7598.001 0.0036419925
7600 0.0036420446
7602 0.0036420955
7604.001 0.0036421438
7606 0.0036421884
7608 0.0036422283
7610 0.0036422633
7612 0.0036422933
7614 0.0036423184
7616 0.0036423393
7618.001 0.0036423567
7620 0.0036423713
7622 0.0036423843
7624.001 0.0036423966
7626 0.003642409
7628 0.0036424223
7630.001 0.0036424371
7632 0.0036424539
7634 0.0036424728
7636 0.003642494
7638 0.0036425174
7640 0.0036425427
7642 0.0036425694
7644.001 0.0036425971
7646 0.003642625
7648 0.0036426526
7650.001 0.0036426789
7652 0.0036427035
7654 0.0036427257
7656 0.0036427452
7658 0.0036427615
7660 0.0036427745
7662 0.0036427841
7664.001 0.0036427901
7666 0.0036427924
7668 0.0036427911
7670.001 0.0036427862
7672 0.0036427775
7674 0.0036427653
7676.001 0.0036427497
7678 0.003642731
7680 0.0036427096
7682 0.003642686
7684 0.003642661
7686 0.0036426351
7688 0.0036426091
7690.001 0.0036425836
7692 0.0036425592
7694 0.0036425362
7696.001 0.0036425146
7698 0.0036424943
7700 0.0036424749
7702 0.0036424559
7704 0.0036424366
7706 0.0036424164
7708 0.0036423947
7710.001 0.0036423712
7712 0.003642346
7714 0.0036423191
7716.001 0.003642291
7718 0.0036422624
7720 0.0036422339
7722.001 0.0036422064
7724 0.0036421807
7726 0.0036421576
7728 0.0036421378
7730 0.003642122
7732 0.0036421107
7734 0.0036421043
7736.001 0.0036421029
7738 0.0036421064
7740 0.0036421145
7742.001 0.0036421269
7744 0.003642143
7746 0.0036421621
7748 0.0036421834
7750 0.0036422059
7752 0.0036422287
7754 0.0036422509
7756.001 0.0036422715
7758 0.0036422897
7760 0.0036423052
7762.001 0.0036423177
7764 0.0036423271
7766 0.0036423338
7768.001 0.003642338
7770 0.0036423404
7772 0.0036423415
7774 0.0036423419
7776 0.003642342
7778 0.0036423421
7780 0.0036423424
7782.001 0.0036423427
7784 0.0036423428
7786 0.0036423423
7788.001 0.0036423407
7790 0.0036423376
7792 0.0036423325
7794 0.0036423251
7796 0.0036423151
7798 0.0036423027
7800 0.0036422879
7802.001 0.003642271
7804 0.0036422526
7806 0.0036422334
7808.001 0.0036422143
7810 0.0036421961
7812 0.00364218
7814.001 0.0036421668
7816 0.0036421573
7818 0.003642152
7820 0.0036421511
7822.001 0.0036421545
7824 0.0036421614
7826 0.0036421713
7828.001 0.0036421831
7830 0.0036421956
7832 0.0036422078
7834.001 0.0036422184
7836 0.0036422266
7838 0.0036422316
7840 0.0036422329
7842 0.0036422304
7844 0.0036422244
7846 0.0036422152
7848.001 0.0036422037
7850 0.0036421908
7852 0.0036421774
7854.001 0.0036421645
7856 0.0036421528
7858 0.0036421431
7860.001 0.0036421355
7862 0.0036421303
7864 0.0036421275
7866 0.0036421266
7868.001 0.0036421273
7870 0.0036421289
7872 0.0036421306
7874.001 0.0036421317
7876 0.0036421314
7878 0.0036421289
7880.001 0.0036421234
7882 0.0036421145
7884 0.0036421017
7886 0.0036420845
7888 0.0036420628
7890 0.0036420368
7892 0.0036420068
7894.001 0.0036419734
7896 0.0036419373
7898 0.0036418995
7900.001 0.003641861
7902 0.003641823
7904 0.0036417863
7906 0.0036417519
7908 0.0036417203
7910 0.0036416921
7912 0.0036416672
7914.001 0.0036416458
7916 0.0036416275
7918 0.0036416121
7920.001 0.0036415992
7922 0.0036415885
7924 0.0036415797
7926.001 0.0036415724
7928 0.0036415666
7930 0.0036415622
7932 0.0036415591
7934 0.0036415575
7936 0.0036415576
7938 0.0036415595
7940.001 0.0036415634
7942 0.003641569
7944 0.0036415764
7946.001 0.0036415852
7948 0.0036415948
7950 0.0036416047
7952 0.0036416141
7954 0.0036416223
7956 0.0036416288
7958 0.0036416331
7960.001 0.003641635
7962 0.0036416347
7964 0.0036416325
7966.001 0.0036416291
7968 0.0036416252
7970 0.0036416217
7972.001 0.0036416193
7974 0.0036416188
7976 0.0036416206
7978 0.0036416253
7980 0.0036416331
7982 0.0036416441
7984 0.0036416583
7986.001 0.0036416754
7988 0.0036416949
7990 0.0036417162
7992.001 0.0036417385
7994 0.0036417606
7996 0.0036417817
7998 0.0036418005
8000 0.0036418163
8002.001 0.0036418284
8004.001 0.0036418363
8006.001 0.0036418397
8008 0.0036418388
8010 0.0036418338
8012 0.0036418252
8014 0.0036418134
8016.001 0.003641799
8018.001 0.0036417825
8020 0.0036417646
8022 0.0036417457
8024 0.0036417261
8026 0.0036417064
8028.001 0.0036416869
8030.001 0.003641668
8032.001 0.0036416504
8034 0.0036416345
8036 0.0036416209
8038 0.0036416104
8040 0.0036416034
8042.001 0.0036416004
8044.001 0.0036416017
8046 0.0036416074
8048 0.0036416174
8050 0.0036416315
8052 0.0036416492
8054.001 0.0036416699
8056.001 0.0036416926
8058.001 0.0036417165
8060 0.0036417407
8062 0.0036417639
8064 0.0036417853
8066 0.0036418038
8068.001 0.0036418185
8070.001 0.0036418284
8072.001 0.0036418331
8074 0.0036418321
8076 0.0036418253
8078 0.0036418127
8080 0.0036417945
8082.001 0.0036417712
8084.001 0.0036417433
8086 0.0036417112
8088 0.0036416756
8090 0.0036416371
8092 0.0036415964
8094.001 0.0036415542
8096.001 0.0036415115
8098.001 0.003641469
8100 0.0036414276
8102 0.0036413882
8104 0.0036413518
8106 0.0036413192
8108.001 0.0036412912
8110.001 0.0036412683
8112 0.0036412509
8114 0.0036412391
8116 0.0036412326
8118 0.0036412312
8120.001 0.0036412342
8122.001 0.003641241
8124.001 0.0036412509
8126 0.0036412629
8128 0.0036412763
8130 0.0036412904
8132 0.0036413046
8134.001 0.0036413185
8136.001 0.0036413316
8138 0.0036413439
8140 0.0036413555
8142 0.0036413669
8144 0.0036413783
8146.001 0.0036413905
8148.001 0.0036414039
8150.001 0.0036414191
8152 0.0036414366
8154 0.0036414566
8156 0.0036414794
8158 0.0036415051
8160.001 0.0036415335
8162.001 0.0036415644
8164.001 0.0036415973
8166 0.0036416319
8168 0.0036416674
8170 0.0036417032
8172 0.0036417386
8174.001 0.0036417729
8176.001 0.0036418058
8178 0.003641837
8180 0.0036418664
8182 0.0036418943
8184 0.0036419209
8186.001 0.0036419467
8188.001 0.0036419723
8190.001 0.0036419979
8192 0.0036420239
8194 0.0036420504
8196 0.0036420774
8198 0.0036421045
8200.001 0.0036421314
8202.001 0.0036421573
8204 0.0036421816
8206 0.0036422034
8208 0.003642222
8210 0.0036422369
8212.001 0.0036422476
8214.001 0.0036422539
8216.001 0.0036422559
8218 0.0036422536
8220 0.0036422476
8222 0.0036422384
8224 0.0036422265
8226.001 0.0036422128
8228.001 0.0036421981
8230 0.0036421829
8232 0.003642168
8234 0.0036421538
8236 0.0036421405
8238 0.0036421283
8240.001 0.0036421168
8242.001 0.0036421056
8244 0.0036420942
8246 0.003642082
8248 0.0036420683
8250 0.0036420528
8252.001 0.0036420353
8254.001 0.0036420156
8256.001 0.0036419942
8258 0.0036419712
8260 0.0036419473
8262 0.0036419231
8264 0.0036418991
8266.001 0.0036418759
8268.001 0.0036418541
8270 0.0036418343
8272 0.0036418168
8274 0.0036418022
8276 0.0036417906
8278.001 0.0036417824
8280.001 0.0036417776
8282.001 0.0036417762
8284 0.0036417782
8286 0.0036417834
8288 0.0036417916
8290 0.0036418026
8292.001 0.0036418163
8294.001 0.0036418323
8296 0.0036418505
8298 0.0036418707
8300 0.0036418927
8302 0.0036419163
8304.001 0.0036419412
8306.001 0.0036419672
8308.001 0.0036419938
8310 0.0036420207
8312 0.0036420476
8314 0.0036420742
8316 0.0036421002
8318.001 0.0036421253
8320.001 0.0036421494
8322.001 0.0036421723
8324 0.0036421937
8326 0.0036422135
8328 0.0036422314
8330 0.003642247
8332.001 0.00364226
8334.001 0.0036422703
8336 0.0036422776
8338 0.0036422819
8340 0.0036422835
8342 0.0036422828
8344.001 0.0036422803
8346.001 0.0036422769
8348.001 0.0036422733
8350 0.0036422704
8352 0.0036422686
8354 0.0036422684
8356 0.0036422701
8358.001 0.0036422733
8360.001 0.0036422777
8362 0.0036422828
8364 0.0036422877
8366 0.0036422914
8368 0.0036422931
8370.001 0.0036422919
8372.001 0.0036422869
8374.001 0.0036422777
8376 0.0036422637
8378 0.0036422449
8380 0.0036422212
8382 0.003642193
8384.001 0.0036421607
8386.001 0.003642125
8388 0.0036420868
8390 0.0036420469
8392 0.0036420063
8394 0.0036419662
8396.001 0.0036419274
8398.001 0.003641891
8400.001 0.0036418576
8402 0.0036418279
8404 0.0036418023
8406 0.0036417808
8408 0.0036417635
8410.001 0.00364175
8412.001 0.0036417398
8414.001 0.0036417322
8416 0.0036417265
8418 0.0036417219
8420 0.0036417177
8422 0.003641713
8424.001 0.0036417073
8426.001 0.0036417002
8428 0.0036416913
8430 0.0036416807
8432 0.0036416685
8434 0.0036416551
8436.001 0.003641641
8438.001 0.0036416267
8440.001 0.0036416128
8442 0.0036415997
8444 0.0036415879
8446 0.0036415775
8448 0.0036415687
8450.001 0.0036415615
8452.001 0.0036415561
8454 0.0036415526
8456 0.0036415513
8458 0.0036415527
8460 0.0036415574
8462.001 0.0036415657
8464.001 0.0036415783
8466.001 0.0036415955
8468 0.0036416173
8470 0.0036416437
8472 0.0036416743
8474 0.0036417082
8476.001 0.0036417447
8478.001 0.0036417826
8480 0.0036418206
8482 0.0036418576
8484 0.0036418924
8486 0.003641924
8488.001 0.0036419519
8490.001 0.0036419757
8492.001 0.0036419955
8494 0.0036420118
8496 0.0036420254
8498 0.0036420372
8500 0.0036420481
8502.001 0.003642059
8504.001 0.0036420707
8506.001 0.0036420835
8508 0.0036420974
8510 0.0036421121
8512 0.0036421268
8514 0.0036421405
8516.001 0.0036421524
8518.001 0.0036421612
8520 0.0036421661
8522 0.0036421664
8524 0.0036421618
8526 0.0036421521
8528.001 0.0036421379
8530.001 0.0036421198
8532.001 0.0036420986
8534 0.0036420755
8536 0.0036420515
8538 0.0036420276
8540 0.0036420048
8542.001 0.0036419835
8544.001 0.0036419641
8546 0.0036419467
8548 0.003641931
8550 0.0036419165
8552 0.0036419026
8554.001 0.0036418887
8556.001 0.0036418741
8558.001 0.0036418584
8560 0.0036418411
8562 0.003641822
8564 0.0036418011
8566 0.0036417786
8568.001 0.0036417549
8570.001 0.0036417305
8572.001 0.003641706
8574 0.0036416817
8576 0.003641658
8578 0.003641635
8580.001 0.0036416125
8582.001 0.0036415902
8584.001 0.0036415675
8586 0.0036415439
8588 0.0036415187
8590 0.0036414916
8592 0.0036414623
8594.001 0.0036414312
8596.001 0.0036413985
8598.001 0.0036413652
8600 0.0036413321
8602 0.0036413004
8604 0.0036412711
8606 0.0036412454
8608.001 0.0036412241
8610.001 0.0036412081
8612 0.003641198
8614 0.003641194
8616 0.0036411963
8618 0.0036412046
8620.001 0.0036412185
8622.001 0.003641237
8624.001 0.0036412594
8626 0.0036412844
8628 0.0036413111
8630 0.0036413383
8632 0.0036413654
8634.001 0.0036413916
8636.001 0.0036414165
8638 0.0036414398
8640 0.0036414615
8642 0.0036414816
8644 0.0036415001
8646.001 0.0036415171
8648.001 0.0036415327
8650.001 0.0036415468
8652 0.0036415595
8654 0.0036415707
8656 0.0036415803
8658 0.0036415883
8660.001 0.0036415948
8662.001 0.0036415999
8664.001 0.0036416038
8666 0.0036416072
8668 0.0036416103
8670 0.0036416139
8672.001 0.0036416186
8674.001 0.0036416248
8676.001 0.003641633
8678 0.0036416434
8680 0.0036416556
8682 0.0036416692
8684 0.0036416831
8686.001 0.0036416963
8688.001 0.0036417074
8690.001 0.0036417151
8692 0.0036417186
8694 0.0036417173
8696 0.0036417111
8698 0.0036417005
8700.001 0.0036416861
8702.001 0.0036416694
8704 0.0036416515
8706 0.0036416338
8708 0.0036416176
8710 0.0036416037
8712.001 0.0036415931
8714.001 0.003641586
8716.001 0.0036415826
8718 0.0036415829
8720 0.0036415865
8722 0.0036415932
8724 0.0036416025
8726.001 0.003641614
8728.001 0.0036416274
8730 0.0036416424
8732 0.0036416587
8734 0.0036416761
8736 0.0036416946
8738.001 0.0036417141
8740.001 0.0036417343
8742.001 0.0036417551
8744 0.0036417762
8746 0.0036417972
8748 0.0036418178
8750 0.0036418375
8752.001 0.0036418561
8754.001 0.0036418733
8756.001 0.003641889
8758 0.003641903
8760 0.0036419154
8762 0.0036419262
8764.001 0.0036419353
8766.001 0.0036419427
8768.001 0.0036419484
8770 0.0036419521
8772 0.0036419539
8774 0.0036419536
8776 0.0036419511
8778.001 0.0036419466
8780.001 0.0036419401
8782.001 0.0036419316
8784 0.0036419212
8786 0.003641909
8788 0.0036418947
8790 0.0036418783
8792.001 0.0036418594
8794.001 0.0036418377
8796 0.003641813
8798 0.0036417849
8800 0.0036417534
8802 0.0036417184
8804.001 0.00364168
8806.001 0.0036416385
8808.001 0.0036415942
8810 0.0036415475
8812 0.0036414988
8814 0.0036414487
8816 0.0036413976
8818.001 0.0036413459
8820.001 0.0036412943
8822.001 0.0036412432
8824 0.0036411929
8826 0.0036411439
8828 0.0036410963
8830.001 0.0036410503
8832.001 0.0036410058
8834.001 0.0036409624
8836 0.0036409199
8838 0.0036408777
8840 0.0036408353
8842 0.0036407926
8844.001 0.0036407491
8846.001 0.0036407052
8848.001 0.003640661
8850 0.0036406171
8852 0.0036405745
8854 0.0036405339
8856 0.0036404967
8858.001 0.0036404637
8860.001 0.0036404359
8862 0.0036404139
8864 0.0036403982
8866 0.0036403886
8868 0.0036403848
8870.001 0.0036403863
8872.001 0.0036403921
8874.001 0.0036404011
8876 0.0036404123
8878 0.0036404246
8880 0.0036404372
8882 0.0036404493
8884.001 0.0036404603
8886.001 0.0036404699
8888 0.0036404777
8890 0.0036404839
8892 0.0036404884
8894 0.0036404915
8896.001 0.0036404939
8898.001 0.003640496
8900.001 0.0036404988
8902 0.003640503
8904 0.0036405096
8906 0.0036405193
8908 0.0036405328
8910.001 0.0036405504
8912.001 0.0036405721
8914.001 0.0036405975
8916 0.0036406257
8918 0.0036406559
8920 0.0036406869
8922.001 0.0036407176
8924.001 0.0036407471
8926.001 0.0036407745
8928 0.0036407993
8930 0.0036408212
8932 0.0036408402
8934 0.0036408566
8936.001 0.0036408705
8938.001 0.0036408823
8940.001 0.0036408923
8942 0.0036409004
8944 0.0036409069
8946 0.0036409115
8948 0.0036409142
8950.001 0.0036409146
8952.001 0.0036409129
8954 0.003640909
8956 0.0036409031
8958 0.0036408957
8960 0.0036408872
8962.001 0.0036408784
8964.001 0.0036408697
8966.001 0.0036408618
8968 0.0036408549
8970 0.0036408491
8972 0.0036408442
8974 0.0036408397
8976.001 0.0036408353
8978.001 0.0036408303
8980 0.0036408243
8982 0.003640817
8984 0.0036408083
8986 0.0036407983
8988.001 0.0036407871
8990.001 0.0036407753
8992.001 0.0036407631
8994 0.0036407509
8996 0.003640739
8998 0.0036407277
9000 0.0036407171
9002.001 0.0036407073
9004.001 0.0036406983
9006.001 0.0036406901
9008 0.0036406825
9010 0.0036406755
9012 0.0036406689
9014.001 0.0036406625
9016.001 0.0036406559
9018.001 0.003640649
9020 0.0036406414
9022 0.0036406326
9024 0.0036406225
9026 0.0036406107
9028.001 0.0036405968
9030.001 0.0036405807
9032.001 0.0036405622
9034 0.0036405411
9036 0.0036405177
9038 0.0036404921
9040 0.0036404648
9042.001 0.0036404362
9044.001 0.003640407
9046 0.0036403777
9048 0.0036403487
9050 0.0036403202
9052 0.0036402924
9054.001 0.003640265
9056.001 0.0036402379
9058.001 0.003640211
9060 0.0036401841
9062 0.0036401572
9064 0.0036401304
9066 0.0036401041
9068.001 0.0036400787
9070.001 0.0036400547
9072.001 0.0036400326
9074 0.003640013
9076 0.0036399963
9078 0.0036399828
9080.001 0.0036399729
9082.001 0.0036399666
9084.001 0.0036399642
9086 0.0036399653
9088 0.0036399697
9090 0.0036399771
9092 0.0036399867
9094.001 0.0036399978
9096.001 0.0036400097
9098.001 0.0036400215
9100 0.0036400326
9102 0.0036400421
9104 0.0036400497
9106.001 0.0036400549
9108.001 0.0036400575
9110.001 0.0036400578
9112 0.0036400559
9114 0.0036400525
9116 0.0036400484
9118 0.0036400446
9120.001 0.003640042
9122.001 0.0036400415
9124.001 0.0036400439
9126 0.0036400497
9128 0.0036400594
9130 0.003640073
9132 0.0036400905
9134.001 0.0036401113
9136.001 0.0036401349
9138 0.0036401604
9140 0.0036401867
9142 0.0036402128
9144 0.0036402376
9146.001 0.0036402605
9148.001 0.0036402807
9150.001 0.0036402982
9152 0.0036403132
9154 0.0036403261
9156 0.0036403379
9158 0.0036403496
9160.001 0.0036403621
9162.001 0.0036403764
9164.001 0.0036403932
9166 0.0036404128
9168 0.0036404356
9170 0.0036404611
9172.001 0.0036404891
9174.001 0.0036405186
9176.001 0.0036405488
9178 0.0036405783
9180 0.0036406058
9182 0.0036406298
9184 0.0036406488
9186.001 0.0036406616
9188.001 0.003640667
9190.001 0.0036406645
9192 0.0036406541
9194 0.0036406362
9196 0.0036406118
9198.001 0.0036405825
9200.001 0.0036405502
9202.001 0.0036405167
9204 0.0036404844
9206 0.0036404551
9208 0.0036404308
9210 0.0036404128
9212.001 0.0036404022
9214.001 0.0036403997
9216.001 0.0036404056
9218 0.0036404195
9220 0.0036404412
9222 0.0036404696
9224 0.0036405036
9226.001 0.003640542
9228.001 0.0036405832
9230 0.0036406257
9232 0.0036406684
9234 0.0036407101
9236 0.0036407501
9238.001 0.0036407877
9240.001 0.0036408229
9242.001 0.0036408556
9244 0.0036408859
9246 0.0036409143
9248 0.0036409409
9250 0.0036409659
9252.001 0.0036409896
9254.001 0.003641012
9256.001 0.0036410334
9258 0.0036410542
9260 0.0036410749
9262 0.003641096
9264.001 0.0036411182
9266.001 0.0036411421
9268.001 0.0036411685
9270 0.0036411978
9272 0.0036412306
9274 0.0036412672
9276 0.0036413078
9278.001 0.0036413525
9280.001 0.0036414012
9282.001 0.0036414537
9284 0.0036415099
9286 0.0036415691
9288 0.0036416309
9290.001 0.0036416944
9292.001 0.0036417586
9294.001 0.0036418221
9296 0.0036418838
9298 0.0036419424
9300 0.0036419966
9302 0.0036420454
9304.001 0.0036420882
9306.001 0.0036421246
9308.001 0.0036421545
9310 0.0036421784
9312 0.0036421967
9314 0.0036422104
9316 0.0036422204
9318.001 0.0036422277
9320.001 0.0036422334
9322.001 0.0036422383
9324 0.0036422436
9326 0.00364225
9328 0.0036422583
9330.001 0.0036422693
9332.001 0.0036422833
9334.001 0.0036423007
9336 0.0036423213
9338 0.0036423447
9340 0.00364237
9342 0.0036423963
9344.001 0.0036424221
9346.001 0.0036424461
9348.001 0.0036424668
9350 0.0036424831
9352 0.0036424939
9354 0.0036424985
9356.001 0.0036424963
9358.001 0.003642487
9360.001 0.0036424706
9362 0.0036424473
9364 0.0036424176
9366 0.003642382
9368 0.0036423417
9370.001 0.0036422979
9372.001 0.0036422522
9374.001 0.0036422063
9376 0.0036421621
9378 0.0036421213
9380 0.0036420855
9382 0.0036420561
9384.001 0.0036420338
9386.001 0.003642019
9388 0.0036420113
9390 0.0036420099
9392 0.0036420134
9394 0.00364202
9396.001 0.0036420278
9398.001 0.0036420346
9400.001 0.0036420386
9402 0.0036420379
9404 0.0036420315
9406 0.0036420184
9408 0.0036419984
9410.001 0.0036419719
9412.001 0.0036419397
9414.001 0.0036419028
9416 0.0036418628
9418 0.0036418212
9420 0.0036417797
9422.001 0.0036417396
9424.001 0.0036417023
9426.001 0.0036416687
9428 0.0036416394
9430 0.0036416145
9432 0.003641594
9434 0.0036415773
9436.001 0.0036415637
9438.001 0.0036415522
9440.001 0.0036415417
9442 0.0036415308
9444 0.0036415184
9446 0.0036415033
9448.001 0.0036414844
9450.001 0.0036414609
9452.001 0.003641432
9454 0.0036413976
9456 0.0036413572
9458 0.0036413113
9460 0.0036412601
9462.001 0.0036412043
9464.001 0.0036411449
9466.001 0.0036410831
9468 0.0036410201
9470 0.0036409575
9472 0.0036408967
9474 0.0036408394
9476.001 0.0036407868
9478.001 0.00364074
9480 0.0036406995
9482 0.0036406652
9484 0.0036406368
9486 0.0036406132
9488.001 0.0036405931
9490.001 0.0036405748
9492.001 0.0036405569
9494 0.0036405378
9496 0.0036405164
9498 0.003640492
9500 0.0036404642
9502.001 0.0036404331
9504.001 0.0036403992
9506.001 0.0036403633
9508 0.0036403263
9510 0.0036402892
9512 0.0036402532
9514.001 0.0036402192
9516.001 0.0036401883
9518.001 0.0036401612
9520 0.0036401386
9522 0.0036401208
9524 0.0036401079
9526 0.0036400999
9528.001 0.0036400964
9530.001 0.0036400967
9532.001 0.0036401003
9534 0.0036401061
9536 0.0036401133
9538 0.0036401211
9540.001 0.0036401285
9542.001 0.0036401349
9544.001 0.0036401398
9546 0.0036401428
9548 0.0036401438
9550 0.0036401429
9552 0.0036401402
9554.001 0.0036401362
9556.001 0.0036401311
9558.001 0.0036401253
9560 0.0036401192
9562 0.003640113
9564 0.003640107
9566 0.0036401016
9568.001 0.003640097
9570.001 0.0036400934
9572.001 0.003640091
9574 0.0036400899
9576 0.0036400901
9578 0.0036400917
9580.001 0.0036400947
9582.001 0.0036400991
9584.001 0.0036401052
9586 0.0036401131
9588 0.0036401231
9590 0.0036401357
9592 0.0036401514
9594.001 0.0036401706
9596.001 0.0036401934
9598.001 0.0036402199
9600 0.0036402497
9602 0.0036402825
9604 0.0036403173
9606.001 0.0036403535
9608.001 0.0036403902
9610.001 0.0036404268
9612 0.0036404626
9614 0.0036404973
9616 0.0036405307
9618 0.0036405627
9620.001 0.0036405932
9622.001 0.0036406222
9624.001 0.0036406494
9626 0.0036406747
9628 0.0036406981
9630 0.0036407193
9632.001 0.0036407385
9634.001 0.0036407558
9636.001 0.0036407714
9638 0.0036407857
9640 0.0036407991
9642 0.003640812
9644 0.0036408248
9646.001 0.0036408377
9648.001 0.0036408511
9650.001 0.0036408653
9652 0.0036408805
9654 0.0036408969
9656 0.0036409147
9658 0.0036409338
9660.001 0.0036409542
9662.001 0.0036409755
9664.001 0.0036409972
9666 0.0036410188
9668 0.0036410395
9670 0.0036410586
9672.001 0.0036410752
9674.001 0.0036410886
9676.001 0.0036410981
9678 0.0036411034
9680 0.0036411042
9682 0.0036411007
9684 0.003641093
9686.001 0.0036410817
9688.001 0.0036410674
9690.001 0.0036410509
9692 0.0036410331
9694 0.003641015
9696 0.0036409976
9698.001 0.0036409819
9700.001 0.0036409687
9702.001 0.0036409589
9704 0.0036409532
9706 0.0036409518
9708 0.003640955
9710 0.0036409628
9712.001 0.0036409748
9714.001 0.0036409907
9716.001 0.0036410099
9718 0.0036410317
9720 0.0036410551
9722 0.0036410792
9724.001 0.0036411029
9726.001 0.003641125
9728.001 0.0036411444
9730 0.00364116
9732 0.0036411709
9734 0.0036411764
9736 0.0036411763
9738.001 0.0036411703
9740.001 0.0036411588
9742.001 0.0036411423
9744 0.0036411215
9746 0.0036410972
9748 0.0036410704
9750 0.0036410419
9752.001 0.0036410123
9754.001 0.0036409822
9756.001 0.0036409519
9758 0.0036409216
9760 0.0036408915
9762 0.0036408616
9764.001 0.0036408322
9766.001 0.0036408033
9768.001 0.0036407754
9770 0.0036407489
9772 0.0036407241
9774 0.0036407014
9776 0.0036406812
9778.001 0.0036406636
9780.001 0.0036406484
9782.001 0.0036406354
9784 0.003640624
9786 0.0036406135
9788 0.0036406031
9790.001 0.0036405919
9792.001 0.003640579
9794.001 0.0036405637
9796 0.0036405454
9798 0.0036405234
9800 0.0036404976
9802 0.0036404678
9804.001 0.0036404341
9806.001 0.0036403966
9808.001 0.0036403559
9810 0.0036403126
9812 0.0036402674
9814 0.003640221
9816.001 0.0036401743
9818.001 0.003640128
9820.001 0.0036400827
9822.001 0.0036400389
9824 0.0036399968
9826 0.0036399566
9828 0.0036399184
9830.001 0.003639882
9832.001 0.0036398476
9834.001 0.0036398151
9836 0.0036397847
9838 0.0036397566
9840 0.0036397313
9842 0.0036397093
9844.001 0.0036396911
9846.001 0.0036396774
9848.001 0.0036396685
9850 0.0036396644
9852 0.0036396649
9854 0.0036396691
9856.001 0.0036396761
9858.001 0.0036396846
9860.001 0.003639693
9862 0.0036396999
9864 0.0036397036
9866 0.003639703
9868 0.0036396969
9870.001 0.0036396844
9872.001 0.003639665
9874.001 0.0036396383
9876 0.0036396044
9878 0.0036395634
9880 0.0036395162
9882.001 0.0036394635
9884.001 0.0036394066
9886.001 0.0036393469
9888 0.0036392859
9890 0.0036392248
9892 0.0036391652
9894 0.0036391079
9896.001 0.0036390539
9898.001 0.0036390036
9900.001 0.0036389571
9902 0.0036389145
9904 0.0036388752
9906 0.0036388386
9908.001 0.0036388039
9910.001 0.0036387702
9912.001 0.0036387364
9914.001 0.0036387017
9916 0.0036386652
9918 0.0036386264
9920 0.003638585
9922.001 0.0036385408
9924.001 0.0036384945
9926.001 0.0036384465
9928 0.0036383979
9930 0.0036383497
9932 0.003638303
9934 0.0036382588
9936.001 0.0036382181
9938.001 0.0036381814
9940.001 0.003638149
9942 0.0036381212
9944 0.0036380978
9946 0.0036380788
9948.001 0.0036380638
9950.001 0.0036380526
9952.001 0.0036380446
9954 0.0036380392
9956 0.0036380358
9958 0.0036380332
9960 0.0036380306
9962.001 0.0036380268
9964.001 0.0036380207
9966.001 0.0036380116
9968 0.0036379989
9970 0.0036379827
9972 0.0036379636
9974.001 0.0036379425
9976.001 0.0036379212
9978.001 0.0036379013
9980 0.0036378851
9982 0.0036378745
9984 0.0036378713
9986 0.003637877
9988.001 0.0036378925
9990.001 0.0036379181
9992.001 0.0036379536
9994 0.0036379978
9996 0.0036380492
9998 0.0036381058
